8276.27 0.9402362108230591
8276.824741739982 0.9775050282478333
8277.379483479961 1.0002504587173462
8277.934225219942 0.9432677626609802
8278.488966959922 0.9255285263061523
8279.043708699903 0.9675968289375305
8279.598450439884 1.0203157663345337
8280.153192179863 1.0095927715301514
8280.707933919844 0.9805077314376831
8281.262675659824 0.9824062585830688
8281.817417399805 1.016728401184082
8282.372159139786 1.021862506866455
8282.926900879766 1.0370596647262573
8283.481642619747 1.0232137441635132
8284.036384359726 0.9879688620567322
8284.591126099707 0.9384421110153198
8285.145867839688 0.9607658386230469
8285.700609579668 0.9894108772277832
8286.255351319649 1.015005111694336
8286.810093059628 0.9950656890869141
8287.36483479961 0.9603626132011414
8287.91957653959 0.9908061027526855
8288.47431827957 1.0046412944793701
8289.029060019551 0.9867830872535706
8289.58380175953 0.9124584197998047
8290.138543499512 0.9579501748085022
8290.693285239493 0.9819093346595764
8291.248026979472 0.9559717178344727
8291.802768719454 0.9174830317497253
8292.357510459433 0.9625399708747864
8292.912252199414 1.0122630596160889
8293.466993939395 1.0092145204544067
8294.021735679375 0.9943466186523438
8294.576477419356 0.9900103807449341
8295.131219159335 0.9558383822441101
8295.685960899316 0.9100399017333984
8296.240702639298 0.9668654799461365
8296.795444379277 0.9628819823265076
8297.350186119258 0.9792528748512268
8297.904927859237 0.9741576313972473
8298.459669599219 0.9784237742424011
8299.014411339198 0.9954469203948975
8299.56915307918 0.9757888913154602
8300.12389481916 0.9224480986595154
8300.67863655914 0.8899334669113159
8301.23337829912 0.9511541724205017
8301.7881200391 0.9959245920181274
8302.342861779081 1.0155680179595947
8302.897603519063 1.0248594284057617
8303.452345259042 0.9843077659606934
8304.007086999023 0.9974213242530823
8304.561828739003 0.9918699860572815
8305.116570478984 0.9790455102920532
8305.671312218965 0.9677023887634277
8306.226053958944 0.9867619276046753
8306.780795698925 0.9680907726287842
8307.335537438905 0.9228457808494568
8307.890279178886 0.9223774671554565
8308.445020918867 0.9474806189537048
8308.999762658847 0.9501302242279053
8309.554504398828 0.9280688762664795
8310.109246138807 0.9697210192680359
8310.663987878788 1.010729432106018
8311.21872961877 0.9716588258743286
8311.773471358749 0.9163534641265869
8312.32821309873 0.8617976903915405
8312.88295483871 0.9202914834022522
8313.43769657869 0.9295156598091125
8313.992438318672 0.9842296838760376
8314.547180058651 0.9717610478401184
8315.101921798632 0.9787120819091797
8315.656663538612 0.9769386053085327
8316.211405278593 0.9929856061935425
8316.766147018574 0.9625278115272522
8317.320888758553 0.9809496402740479
8317.875630498535 0.9668641686439514
8318.430372238514 0.9902715682983398
8318.985113978495 1.0298510789871216
8319.539855718476 1.0146046876907349
8320.094597458456 0.9819707274436951
8320.649339198437 1.0168139934539795
8321.204080938416 1.0176708698272705
8321.758822678397 0.9825931191444397
8322.313564418379 0.9696993231773376
8322.868306158358 0.9331396818161011
8323.423047898339 0.921489417552948
8323.977789638318 0.9534223675727844
8324.5325313783 1.009351372718811
8325.08727311828 0.9873692989349365
8325.64201485826 0.984073281288147
8326.196756598241 1.0058798789978027
8326.75149833822 1.0079874992370605
8327.306240078202 0.9944640398025513
8327.860981818183 0.9892111420631409
8328.415723558162 0.9506661891937256
8328.970465298144 0.7818670272827148
8329.525207038123 0.8370181322097778
8330.079948778104 0.9951460957527161
8330.634690518085 0.9983479976654053
8331.189432258065 0.992094874382019
8331.744173998046 1.0070677995681763
8332.298915738025 0.9938228130340576
8332.853657478006 0.9762493968009949
8333.408399217988 0.8751466870307922
8333.963140957967 0.7955151796340942
8334.517882697948 0.9133084416389465
8335.072624437928 0.9569332003593445
8335.627366177909 0.935027003288269
8336.18210791789 0.9189705848693848
8336.73684965787 0.9193606376647949
8337.29159139785 0.9662575125694275
8337.84633313783 0.9803602695465088
8338.401074877811 0.9748754501342773
8338.95581661779 0.9814078211784363
8339.510558357772 0.9259870648384094
8340.065300097753 0.9218246936798096
8340.620041837732 0.9267367720603943
8341.174783577713 0.8866373300552368
8341.729525317693 0.8991897106170654
8342.284267057674 0.9843415021896362
8342.839008797655 1.0028424263000488
8343.393750537634 1.0378645658493042
8343.948492277616 0.9802107810974121
8344.503234017595 0.9193969964981079
8345.057975757576 0.9297693371772766
8345.612717497557 0.9412282705307007
8346.167459237537 0.9540708661079407
8346.722200977518 0.998694658279419
8347.276942717497 0.9761194586753845
8347.831684457478 0.8883253931999207
8348.38642619746 0.8751856088638306
8348.941167937439 0.9617465734481812
8349.49590967742 0.9670098423957825
8350.0506514174 0.9732056856155396
8350.60539315738 0.9131825566291809
8351.160134897362 0.8831304311752319
8351.714876637341 0.9504910707473755
8352.269618377322 0.9940622448921204
8352.824360117302 0.991254448890686
8353.379101857283 1.0115615129470825
8353.933843597264 1.0126086473464966
8354.488585337243 0.9833549857139587
8355.043327077225 0.9889993071556091
8355.598068817204 0.9875715970993042
8356.152810557185 0.9676781892776489
8356.707552297166 0.9604072570800781
8357.262294037146 0.9857268333435059
8357.817035777127 0.9780646562576294
8358.371777517106 0.9593788981437683
8358.926519257087 0.9786010384559631
8359.481260997069 0.9990747570991516
8360.036002737048 0.9503598809242249
8360.59074447703 0.9080809950828552
8361.145486217009 0.9842795133590698
8361.70022795699 1.0139827728271484
8362.25496969697 0.9935155510902405
8362.80971143695 0.9175665378570557
8363.364453176931 0.9762284755706787
8363.91919491691 1.0089627504348755
8364.473936656892 0.9851974844932556
8365.028678396873 1.006085991859436
8365.583420136853 0.9424684643745422
8366.138161876834 0.8801530003547668
8366.692903616813 0.9458622336387634
8367.247645356794 0.9661853313446045
8367.802387096775 0.8907701373100281
8368.357128836755 0.9582179188728333
8368.911870576736 0.9961003065109253
8369.466612316715 1.019995093345642
8370.021354056697 1.026869297027588
8370.576095796678 1.0289382934570312
8371.130837536657 1.0052794218063354
8371.685579276638 0.9647887349128723
8372.240321016618 0.954913318157196
8372.795062756599 0.9841508269309998
8373.34980449658 0.9663230180740356
8373.90454623656 0.9615941643714905
8374.45928797654 0.9636244177818298
8375.01402971652 0.9592552781105042
8375.568771456501 1.009095311164856
8376.123513196482 0.9627399444580078
8376.678254936462 0.9876346588134766
8377.232996676443 1.0252466201782227
8377.787738416422 1.0169378519058228
8378.342480156403 0.9736689329147339
8378.897221896383 0.9772496819496155
8379.451963636364 0.9256144762039185
8380.006705376345 0.8508077263832092
8380.561447116324 0.9533641934394836
8381.116188856306 1.002226710319519
8381.670930596285 1.0077542066574097
8382.225672336266 1.0233665704727173
8382.780414076247 1.0247117280960083
8383.335155816227 1.022161841392517
8383.889897556208 0.9779238104820251
8384.444639296187 0.8058464527130127
8384.999381036168 0.790338397026062
8385.55412277615 0.889682948589325
8386.108864516129 0.9634906053543091
8386.66360625611 0.9690768122673035
8387.21834799609 0.991816520690918
8387.77308973607 0.9937013387680054
8388.327831476052 0.9622414112091064
8388.882573216031 0.980933666229248
8389.437314956012 0.8770685791969299
8389.992056695992 0.7430700659751892
8390.546798435973 0.9233620762825012
8391.101540175954 0.9623409509658813
8391.656281915934 0.9682360291481018
8392.211023655915 0.9517707824707031
8392.765765395894 0.9363288879394531
8393.320507135875 0.9655059576034546
8393.875248875856 0.9904677867889404
8394.429990615836 1.0012789964675903
8394.984732355817 1.0186190605163574
8395.539474095796 1.0177104473114014
8396.094215835778 0.9817190766334534
8396.648957575759 0.9735932946205139
8397.203699315738 0.9632691740989685
8397.75844105572 1.0026205778121948
8398.313182795699 0.9903028011322021
8398.86792453568 0.8788072466850281
8399.422666275661 0.9425032734870911
8399.97740801564 0.968551754951477
8400.532149755622 0.9585230946540833
8401.0868914956 0.9895674586296082
8401.641633235582 1.0060184001922607
8402.196374975563 1.008756160736084
8402.751116715543 1.0085046291351318
8403.305858455524 0.9204865097999573
8403.860600195503 0.8973586559295654
8404.415341935484 0.9526234269142151
8404.970083675466 0.964562177658081
8405.524825415445 1.016829252243042
8406.079567155426 1.0008420944213867
8406.634308895405 0.9709910154342651
8407.189050635387 0.9569156765937805
8407.743792375368 0.9496321678161621
8408.298534115347 0.9994145035743713
8408.853275855328 1.0043216943740845
8409.408017595308 0.9858351349830627
8409.962759335289 0.9792705774307251
8410.51750107527 0.9558771252632141
8411.07224281525 0.9946629405021667
8411.62698455523 1.0086528062820435
8412.18172629521 1.0050021409988403
8412.736468035191 0.9895892143249512
8413.291209775172 0.9492719173431396
8413.845951515152 0.9270172715187073
8414.400693255133 0.8288993835449219
8414.955434995112 0.9322013854980469
8415.510176735093 0.9713095426559448
8416.064918475075 0.9359739422798157
8416.619660215054 0.9848034381866455
8417.174401955035 0.9954485297203064
8417.729143695014 0.9847946763038635
8418.283885434996 0.9872751235961914
8418.838627174977 0.9462156891822815
8419.393368914956 0.9107941389083862
8419.948110654937 0.9657532572746277
8420.502852394917 0.9873784780502319
8421.057594134898 0.962417721748352
8421.612335874877 0.9343170523643494
8422.167077614858 0.9176363945007324
8422.72181935484 0.9633693695068359
8423.276561094819 0.974839448928833
8423.8313028348 0.9851812720298767
8424.38604457478 0.9568589329719543
8424.94078631476 0.921872615814209
8425.495528054742 0.9405296444892883
8426.050269794721 0.9406306743621826
8426.605011534702 0.9499193429946899
8427.159753274682 0.9891401529312134
8427.714495014663 0.9282141327857971
8428.269236754644 0.8472829461097717
8428.823978494624 0.8231649994850159
8429.378720234605 0.9032400846481323
8429.933461974584 0.9921534061431885
8430.488203714565 1.019978404045105
8431.042945454546 1.0262854099273682
8431.597687194526 1.011170506477356
8432.152428934507 0.9956644177436829
8432.707170674486 1.027214765548706
8433.261912414468 0.9972916841506958
8433.816654154449 1.009029507637024
8434.371395894428 1.0036238431930542
8434.92613763441 1.0018037557601929
8435.480879374389 0.995161235332489
8436.03562111437 0.9932011961936951
8436.590362854351 0.8674128651618958
8437.14510459433 0.7460792064666748
8437.699846334312 0.7874581813812256
8438.254588074291 0.9466352462768555
8438.809329814272 0.9619044661521912
8439.364071554253 0.977135419845581
8439.918813294233 0.9928646683692932
8440.473555034214 0.967415988445282
8441.028296774193 0.8969246745109558
8441.583038514174 0.8392544388771057
8442.137780254156 0.927402138710022
8442.692521994135 0.9442896246910095
8443.247263734116 0.9575235247612
8443.802005474095 0.9634230136871338
8444.356747214077 1.012719750404358
8444.911488954058 1.0067704916000366
8445.466230694037 0.9915376901626587
8446.020972434018 0.944102942943573
8446.575714173998 0.9662827253341675
8447.130455913979 0.9932315945625305
8447.68519765396 0.9651645421981812
8448.23993939394 0.8788961172103882
8448.79468113392 0.903793215751648
8449.3494228739 0.9421992301940918
8449.904164613881 0.9504269361495972
8450.458906353862 1.0006617307662964
8451.013648093842 1.018735408782959
8451.568389833823 0.9736226201057434
8452.123131573802 0.8935527205467224
8452.677873313783 0.9444908499717712
8453.232615053765 0.9758930206298828
8453.787356793744 1.0165749788284302
8454.342098533725 1.0173966884613037
8454.896840273705 1.0115611553192139
8455.451582013686 0.9999296069145203
8456.006323753667 0.9917569160461426
8456.561065493646 1.0131080150604248
8457.115807233627 0.995465099811554
8457.670548973607 0.9639173746109009
8458.225290713588 0.958755612373352
8458.78003245357 0.9463953971862793
8459.334774193549 0.9711783528327942
8459.88951593353 0.9843102097511292
8460.44425767351 0.9983776211738586
8460.99899941349 0.9909939169883728
8461.553741153471 0.9841204285621643
8462.10848289345 0.9533873796463013
8462.663224633432 0.9980419278144836
8463.217966373411 1.0187901258468628
8463.772708113393 1.0077602863311768
8464.327449853372 1.0172770023345947
8464.882191593353 1.0031192302703857
8465.436933333334 0.9627674221992493
8465.991675073314 0.9866439700126648
8466.546416813295 1.0065319538116455
8467.101158553274 0.9400631785392761
8467.655900293255 0.8992027044296265
8468.210642033237 0.9266188740730286
8468.765383773216 0.9472395777702332
8469.320125513197 0.9713998436927795
8469.874867253176 0.9497483968734741
8470.429608993158 0.7619654536247253
8470.984350733139 0.9006667137145996
8471.539092473118 0.9824866056442261
8472.0938342131 0.9743655920028687
8472.648575953079 0.9754329323768616
8473.20331769306 0.9544742703437805
8473.758059433041 0.9123024344444275
8474.31280117302 0.9332741498947144
8474.867542913002 0.9900588989257812
8475.422284652981 1.0178616046905518
8475.977026392962 0.9952436685562134
8476.531768132943 1.0216681957244873
8477.086509872923 1.0138487815856934
8477.641251612904 1.01160728931427
8478.195993352883 0.9891905188560486
8478.750735092864 0.9649392366409302
8479.305476832846 0.9618628621101379
8479.860218572825 0.9803801774978638
8480.414960312806 1.0032529830932617
8480.969702052786 1.0152467489242554
8481.524443792767 0.9882389903068542
8482.079185532748 0.9583960175514221
8482.633927272727 0.935095489025116
8483.188669012708 0.9842516779899597
8483.743410752688 0.9277839660644531
8484.298152492669 0.9288614392280579
8484.85289423265 0.9454792737960815
8485.40763597263 0.9545236825942993
8485.96237771261 1.0015220642089844
8486.51711945259 1.0038641691207886
8487.071861192571 0.9771872758865356
8487.626602932552 0.9890058636665344
8488.181344672532 1.0004221200942993
8488.736086412513 1.0061310529708862
8489.290828152492 0.9788317084312439
8489.845569892474 0.9087783694267273
8490.400311632455 0.9056962132453918
8490.955053372434 0.9785007238388062
8491.509795112415 1.005094289779663
8492.064536852395 1.006346344947815
8492.619278592376 0.9891496896743774
8493.174020332357 0.9605112075805664
8493.728762072336 0.9597968459129333
8494.283503812318 0.9628426432609558
8494.838245552297 0.9910285472869873
8495.392987292278 0.9535157680511475
8495.94772903226 0.9622515439987183
8496.502470772239 0.9619923830032349
8497.05721251222 0.9617883563041687
8497.6119542522 0.9234376549720764
8498.16669599218 0.8666765689849854
8498.721437732162 0.793544352054596
8499.276179472141 0.6402652859687805
8499.830921212122 0.4085785746574402
8500.385662952101 0.4442402720451355
8500.940404692083 0.6984815001487732
8501.495146432062 0.8197730183601379
8502.049888172043 0.882784366607666
8502.604629912024 0.9121655821800232
8503.159371652004 0.9201877117156982
8503.714113391985 0.8647002577781677
8504.268855131964 0.8591849207878113
8504.823596871945 0.8974787592887878
8505.378338611927 0.9296577572822571
8505.933080351906 0.9395066499710083
8506.487822091887 0.9400810599327087
8507.042563831867 0.922309935092926
8507.597305571848 0.9768998622894287
8508.152047311829 0.9818143844604492
8508.706789051808 0.9783737659454346
8509.26153079179 0.9977648854255676
8509.816272531769 1.0020626783370972
8510.37101427175 1.0010331869125366
8510.925756011731 1.0066132545471191
8511.48049775171 1.008935570716858
8512.035239491692 0.9756742119789124
8512.589981231671 0.9693917036056519
8513.144722971652 0.9607304334640503
8513.699464711633 0.9743024110794067
8514.254206451613 0.9638553261756897
8514.808948191594 0.957951545715332
8515.363689931573 0.9483937621116638
8515.918431671555 0.8011022210121155
8516.473173411536 0.8170124888420105
8517.027915151515 0.8095733523368835
8517.582656891496 0.8891831040382385
8518.137398631476 0.9672372937202454
8518.692140371457 0.969650387763977
8519.246882111438 0.935767412185669
8519.801623851417 0.9188339710235596
8520.356365591399 0.8721757531166077
8520.911107331378 0.9381825923919678
8521.46584907136 0.9710838794708252
8522.02059081134 0.984131395816803
8522.57533255132 0.9478786587715149
8523.1300742913 0.9293898344039917
8523.68481603128 0.9653691649436951
8524.239557771261 0.9652815461158752
8524.794299511243 0.9559611678123474
8525.349041251222 0.9533323049545288
8525.903782991203 0.9708670973777771
8526.458524731182 0.9664553999900818
8527.013266471164 0.9325190782546997
8527.568008211145 0.9294936656951904
8528.122749951124 0.9090542197227478
8528.677491691105 0.8621711134910583
8529.232233431085 0.9274221658706665
8529.786975171066 0.9350387454032898
8530.341716911047 0.9627863168716431
8530.896458651026 0.9680161476135254
8531.451200391008 0.9627113342285156
8532.005942130987 0.9057778716087341
8532.560683870968 0.9591997265815735
8533.11542561095 0.9675695300102234
8533.670167350929 0.9337247014045715
8534.22490909091 0.9444355368614197
8534.77965083089 0.9651023149490356
8535.33439257087 0.9500490427017212
8535.889134310852 0.9567487835884094
8536.443876050831 0.9655471444129944
8536.998617790812 0.9365447759628296
8537.553359530792 0.9026249051094055
8538.108101270773 0.8676538467407227
8538.662843010754 0.8735760450363159
8539.217584750733 0.884265124797821
8539.772326490714 0.8127710819244385
8540.327068230694 0.7817965149879456
8540.881809970675 0.7801463007926941
8541.436551710656 0.7571144104003906
8541.991293450636 0.7031326293945312
8542.546035190617 0.6343597173690796
8543.100776930596 0.5323904156684875
8543.655518670577 0.36274465918540955
8544.210260410557 0.241034597158432
8544.765002150538 0.39754021167755127
8545.319743890519 0.5540298223495483
8545.874485630498 0.6549190282821655
8546.42922737048 0.7189411520957947
8546.983969110459 0.7851713299751282
8547.53871085044 0.8240675330162048
8548.093452590421 0.8527941107749939
8548.6481943304 0.8660097718238831
8549.202936070382 0.8848406076431274
8549.757677810361 0.8665738105773926
8550.312419550342 0.8652574419975281
8550.867161290324 0.8997078537940979
8551.421903030303 0.9278371334075928
8551.976644770284 0.9436998963356018
8552.531386510263 0.9294025301933289
8553.086128250245 0.930295467376709
8553.640869990226 0.9818858504295349
8554.195611730205 1.0035960674285889
8554.750353470186 1.00111985206604
8555.305095210166 0.9986381530761719
8555.859836950147 0.9951197504997253
8556.414578690128 0.9749155640602112
8556.969320430107 0.9604189991950989
8557.524062170089 0.9207329750061035
8558.078803910068 0.9430075287818909
8558.63354565005 0.8989396691322327
8559.18828739003 0.9138249754905701
8559.74302913001 1.00612473487854
8560.297770869991 1.010793924331665
8560.85251260997 1.0238697528839111
8561.407254349951 1.0534602403640747
8561.961996089933 0.9724720120429993
8562.516737829912 0.9935763478279114
8563.071479569893 0.9740684032440186
8563.626221309873 0.9728654026985168
8564.180963049854 0.9540098905563354
8564.735704789835 1.0058307647705078
8565.290446529814 1.0115011930465698
8565.845188269795 0.9959535598754883
8566.399930009775 0.9952465891838074
8566.954671749756 0.9899430274963379
8567.509413489737 0.9940213561058044
8568.064155229717 1.0064562559127808
8568.618896969698 1.0226970911026
8569.173638709677 0.988172709941864
8569.728380449658 0.988979697227478
8570.28312218964 1.0068328380584717
8570.837863929619 0.9739656448364258
8571.3926056696 0.9756699204444885
8571.94734740958 0.9883288741111755
8572.50208914956 1.0024007558822632
8573.056830889542 1.009048581123352
8573.611572629521 0.9759042263031006
8574.166314369502 0.9775586128234863
8574.721056109482 1.0148403644561768
8575.275797849463 0.9807823896408081
8575.830539589444 1.003113031387329
8576.385281329423 0.9848217964172363
8576.940023069405 0.9776919484138489
8577.494764809384 0.9691934585571289
8578.049506549365 0.9962356686592102
8578.604248289346 1.0000871419906616
8579.158990029326 0.9977461099624634
8579.713731769307 0.9966107606887817
8580.268473509286 1.0110905170440674
8580.823215249267 0.9921937584877014
8581.377956989247 0.997654139995575
8581.932698729228 0.9942390322685242
8582.48744046921 1.0066720247268677
8583.042182209188 1.0133438110351562
8583.59692394917 0.9513629078865051
8584.15166568915 0.8646731972694397
8584.70640742913 0.8777286410331726
8585.261149169111 0.9260643124580383
8585.81589090909 0.9782793521881104
8586.370632649072 0.979064404964447
8586.925374389051 0.9815916419029236
8587.480116129032 0.974789023399353
8588.034857869014 0.9804129004478455
8588.589599608993 0.9731070399284363
8589.144341348974 0.9949795603752136
8589.699083088954 1.0008751153945923
8590.253824828935 0.9815765023231506
8590.808566568916 0.9834631681442261
8591.363308308895 0.9742634892463684
8591.918050048876 0.9653828740119934
8592.472791788856 0.9980915784835815
8593.027533528837 0.9719828367233276
8593.582275268818 0.9501088857650757
8594.137017008798 0.9761955738067627
8594.691758748779 0.9573689103126526
8595.246500488758 0.9111977219581604
8595.80124222874 0.9926957488059998
8596.35598396872 1.0136157274246216
8596.9107257087 1.017277479171753
8597.465467448681 1.0006016492843628
8598.02020918866 0.9459214806556702
8598.574950928642 0.9847109317779541
8599.129692668623 0.951824963092804
8599.684434408602 0.9728643298149109
8600.239176148583 0.979411780834198
8600.793917888563 0.9236845970153809
8601.348659628544 0.9546855092048645
8601.903401368525 1.014845609664917
8602.458143108504 1.0213232040405273
8603.012884848486 1.0204120874404907
8603.567626588465 1.0192337036132812
8604.122368328446 0.995528519153595
8604.677110068427 0.9690517783164978
8605.231851808407 0.9938913583755493
8605.786593548388 1.0000224113464355
8606.341335288367 0.9781308174133301
8606.896077028348 1.006237506866455
8607.45081876833 1.004744291305542
8608.005560508309 0.9963375329971313
8608.56030224829 1.0053974390029907
8609.11504398827 0.9784400463104248
8609.66978572825 0.995622992515564
8610.224527468232 0.9968003034591675
8610.779269208211 0.9993935823440552
8611.334010948192 0.9772807955741882
8611.888752688172 0.9889503717422485
8612.443494428153 0.9175952076911926
8612.998236168134 0.9420930743217468
8613.552977908113 0.898341178894043
8614.107719648095 0.8222504258155823
8614.662461388074 0.9746314883232117
8615.217203128055 0.9966014623641968
8615.771944868036 0.9687851071357727
8616.326686608016 0.9301840662956238
8616.881428347997 0.989951491355896
8617.436170087976 0.9903278350830078
8617.990911827957 0.9734447598457336
8618.545653567939 0.9316604137420654
8619.100395307918 0.9904519319534302
8619.6551370479 0.9919965267181396
8620.209878787879 0.9847853779792786
8620.76462052786 0.9865489602088928
8621.319362267841 0.9736872911453247
8621.87410400782 1.0045814514160156
8622.428845747801 1.0180997848510742
8622.98358748778 1.0027060508728027
8623.538329227762 0.8980374336242676
8624.093070967741 0.9050180315971375
8624.647812707723 0.9688677787780762
8625.202554447704 0.9472923278808594
8625.757296187683 0.9850984215736389
8626.312037927664 0.9994388222694397
8626.866779667645 1.009172797203064
8627.421521407625 1.012192964553833
8627.976263147606 1.0080851316452026
8628.531004887585 0.9695633053779602
8629.085746627567 0.9831598401069641
8629.640488367546 1.0044939517974854
8630.195230107527 0.9957213997840881
8630.749971847508 1.0103321075439453
8631.304713587488 0.96054607629776
8631.859455327469 0.9857189059257507
8632.414197067448 0.9970937967300415
8632.96893880743 1.0034788846969604
8633.52368054741 0.9924281239509583
8634.07842228739 0.954951286315918
8634.633164027371 0.9541247487068176
8635.18790576735 1.0030937194824219
8635.742647507332 0.9894401431083679
8636.297389247313 0.9430080056190491
8636.852130987292 0.9908467531204224
8637.406872727273 0.9979373812675476
8637.961614467253 1.0078425407409668
8638.516356207234 0.998757004737854
8639.071097947215 0.9734691977500916
8639.625839687194 1.0065709352493286
8640.180581427176 1.0039559602737427
8640.735323167155 1.020211100578308
8641.290064907136 1.022139310836792
8641.844806647117 1.0054234266281128
8642.399548387097 1.0196022987365723
8642.954290127078 1.0360991954803467
8643.509031867057 1.002279281616211
8644.063773607038 0.9704469442367554
8644.61851534702 0.9839721918106079
8645.173257086999 0.9952090978622437
8645.72799882698 1.007322072982788
8646.28274056696 1.0126445293426514
8646.83748230694 1.0143615007400513
8647.392224046922 1.034448504447937
8647.946965786901 1.0194611549377441
8648.501707526882 1.0030344724655151
8649.056449266862 1.0161724090576172
8649.611191006843 1.0129330158233643
8650.165932746824 0.9531477689743042
8650.720674486804 0.8640536069869995
8651.275416226785 0.9389827251434326
8651.830157966764 0.9782151579856873
8652.384899706745 1.0041881799697876
8652.939641446726 0.9920205473899841
8653.494383186706 1.0132560729980469
8654.049124926687 1.0083327293395996
8654.603866666666 0.985541820526123
8655.158608406648 1.0104080438613892
8655.713350146629 1.0026912689208984
8656.268091886608 0.9591559171676636
8656.82283362659 0.9479264616966248
8657.377575366569 0.9858497381210327
8657.93231710655 0.9839677810668945
8658.487058846531 0.9760410189628601
8659.04180058651 0.9484325647354126
8659.596542326492 0.9300809502601624
8660.15128406647 0.9258947372436523
8660.706025806452 0.9112801551818848
8661.260767546433 0.8702329993247986
8661.815509286413 0.8407350778579712
8662.370251026394 0.7728418707847595
8662.924992766373 0.6860228180885315
8663.479734506354 0.5579015612602234
8664.034476246336 0.3317883610725403
8664.589217986315 0.2754753530025482
8665.143959726296 0.507275402545929
8665.698701466275 0.6490065455436707
8666.253443206257 0.7360672354698181
8666.808184946236 0.7991858720779419
8667.362926686217 0.8387724161148071
8667.917668426198 0.8816859722137451
8668.472410166178 0.8942407369613647
8669.027151906159 0.9187116026878357
8669.581893646138 0.9086691737174988
8670.13663538612 0.9248918294906616
8670.6913771261 0.9191358089447021
8671.24611886608 0.9441145062446594
8671.800860606061 0.9648873805999756
8672.35560234604 0.9499648213386536
8672.910344086022 0.9457008242607117
8673.465085826003 0.941221296787262
8674.019827565982 0.9353104829788208
8674.574569305963 0.9350360035896301
8675.129311045943 0.9549515247344971
8675.684052785924 0.9553803205490112
8676.238794525905 0.9467315077781677
8676.793536265885 0.8120019435882568
8677.348278005866 0.8068501353263855
8677.903019745845 0.8901951909065247
8678.457761485826 0.9862099885940552
8679.012503225807 0.9864987730979919
8679.567244965787 0.9862114191055298
8680.121986705768 0.9980814456939697
8680.676728445747 0.9822992086410522
8681.231470185729 0.9433701038360596
8681.78621192571 0.913362979888916
8682.340953665689 0.9141970276832581
8682.89569540567 0.9423985481262207
8683.45043714565 0.9809423089027405
8684.00517888563 0.9788997173309326
8684.559920625612 0.9518023729324341
8685.114662365591 0.9059069752693176
8685.669404105573 0.9453759789466858
8686.224145845552 0.9789029359817505
8686.778887585533 0.9975406527519226
8687.333629325514 1.0020302534103394
8687.888371065494 0.9988850951194763
8688.443112805475 0.9516143202781677
8688.997854545454 0.9338266849517822
8689.552596285435 0.956679105758667
8690.107338025417 0.921454906463623
8690.662079765396 0.7096406817436218
8691.216821505377 0.7355433702468872
8691.771563245356 0.9044129848480225
8692.326304985338 0.9291456937789917
8692.881046725319 1.000576138496399
8693.435788465298 1.014309048652649
8693.99053020528 1.0032563209533691
8694.545271945259 0.960482656955719
8695.10001368524 0.9895357489585876
8695.654755425221 1.0392639636993408
8696.2094971652 0.9990544319152832
8696.764238905182 0.9877448678016663
8697.318980645161 0.9851541519165039
8697.873722385142 1.0063095092773438
8698.428464125123 1.0173578262329102
8698.983205865103 0.9912171959877014
8699.537947605084 0.9855075478553772
8700.092689345063 1.0028033256530762
8700.647431085044 0.9534822702407837
8701.202172825026 0.9017972350120544
8701.756914565005 0.8820264935493469
8702.311656304986 0.9599584937095642
8702.866398044966 0.9603961110115051
8703.421139784947 0.9530137777328491
8703.975881524926 0.9726912379264832
8704.530623264907 0.9665911197662354
8705.085365004888 0.9409409165382385
8705.640106744868 0.9450130462646484
8706.194848484849 0.9445034861564636
8706.74959022483 0.9832881093025208
8707.30433196481 0.9926421642303467
8707.85907370479 0.989935576915741
8708.41381544477 0.9984127879142761
8708.968557184751 0.9826794266700745
8709.52329892473 0.9724935293197632
8710.078040664712 0.9964191913604736
8710.632782404693 1.0061594247817993
8711.187524144672 1.0083457231521606
8711.742265884654 0.9684752225875854
8712.297007624633 0.9154830574989319
8712.851749364614 0.8563593029975891
8713.406491104595 0.9779025912284851
8713.961232844575 0.986822247505188
8714.515974584556 0.9529434442520142
8715.070716324535 0.8842889070510864
8715.625458064516 0.8592544794082642
8716.180199804498 0.962833046913147
8716.734941544477 0.9931482672691345
8717.289683284458 1.0057837963104248
8717.844425024437 1.013951301574707
8718.399166764419 1.0111827850341797
8718.9539085044 1.0036462545394897
8719.50865024438 1.000846266746521
8720.06339198436 0.9193004369735718
8720.61813372434 0.9579129815101624
8721.17287546432 0.999970018863678
8721.727617204302 1.0099090337753296
8722.282358944281 1.0009894371032715
8722.837100684263 1.0033237934112549
8723.391842424242 0.9887090921401978
8723.946584164223 1.0195093154907227
8724.501325904204 1.0263943672180176
8725.056067644184 0.9937801957130432
8725.610809384165 1.0115149021148682
8726.165551124144 0.9759336709976196
8726.720292864125 0.9653127789497375
8727.275034604107 0.9935190677642822
8727.829776344086 0.9923991560935974
8728.384518084067 0.9795761704444885
8728.939259824047 0.9926660656929016
8729.494001564028 0.9780158400535583
8730.048743304009 0.9422708749771118
8730.603485043988 0.8976581692695618
8731.15822678397 0.9147753119468689
8731.712968523949 0.9078028202056885
8732.26771026393 0.9732733368873596
8732.822452003911 0.9723557233810425
8733.37719374389 0.9687259197235107
8733.931935483872 1.0030492544174194
8734.486677223851 1.011576771736145
8735.041418963832 1.002791404724121
8735.596160703813 0.9953069090843201
8736.150902443793 1.008080005645752
8736.705644183774 0.9959828853607178
8737.260385923753 0.938446044921875
8737.815127663735 0.9691620469093323
8738.369869403716 0.8589547872543335
8738.924611143695 0.9199339151382446
8739.479352883676 0.9669143557548523
8740.034094623656 0.9812951683998108
8740.588836363637 0.9990659952163696
8741.143578103618 0.9889445304870605
8741.698319843597 1.0019594430923462
8742.253061583579 1.0091572999954224
8742.807803323558 0.9732388854026794
8743.362545063539 0.9203292727470398
8743.91728680352 0.9595885276794434
8744.4720285435 0.9500536322593689
8745.02677028348 0.8937267661094666
8745.58151202346 0.9813095927238464
8746.136253763441 0.9887990355491638
8746.69099550342 0.9987187385559082
8747.245737243402 1.0014617443084717
8747.800478983383 0.9764030575752258
8748.355220723362 0.9701898694038391
8748.909962463344 0.9957581162452698
8749.464704203325 0.9626581072807312
8750.019445943304 0.9115443825721741
8750.574187683285 0.9656366109848022
8751.128929423265 0.9880915284156799
8751.683671163246 0.9945677518844604
8752.238412903225 0.9854320883750916
8752.793154643206 0.975558340549469
8753.347896383188 0.9460862278938293
8753.902638123167 0.9070950150489807
8754.457379863148 0.847824215888977
8755.012121603128 0.927189826965332
8755.566863343109 0.9769513010978699
8756.12160508309 0.9898906946182251
8756.67634682307 0.997938334941864
8757.23108856305 1.0110417604446411
8757.78583030303 1.0034939050674438
8758.340572043011 0.991887629032135
8758.895313782992 0.9885275363922119
8759.450055522972 0.8792341947555542
8760.004797262953 0.8707281351089478
8760.559539002932 0.9915245771408081
8761.114280742913 1.0083286762237549
8761.669022482894 1.0057340860366821
8762.223764222874 0.9920448064804077
8762.778505962855 1.0052129030227661
8763.333247702834 1.0070606470108032
8763.887989442816 0.998542845249176
8764.442731182797 0.9967514872550964
8764.997472922776 0.99847811460495
8765.552214662757 0.9971842169761658
8766.106956402737 0.9473752975463867
8766.661698142718 0.8535944223403931
8767.216439882699 0.9466040134429932
8767.771181622678 0.9834949374198914
8768.32592336266 1.0018616914749146
8768.880665102639 0.9551349878311157
8769.43540684262 0.9291025400161743
8769.990148582601 0.9691233038902283
8770.54489032258 0.9955918788909912
8771.099632062562 1.0093284845352173
8771.654373802541 1.0151346921920776
8772.209115542522 1.017371654510498
8772.763857282504 1.003517508506775
8773.318599022483 0.9615029096603394
8773.873340762464 1.005954623222351
8774.428082502443 1.015437364578247
8774.982824242425 0.9750810861587524
8775.537565982406 0.9055435061454773
8776.092307722385 0.938852071762085
8776.647049462366 0.8834435939788818
8777.201791202346 0.9825408458709717
8777.756532942327 1.0076063871383667
8778.311274682308 1.0061376094818115
8778.866016422287 1.007276177406311
8779.420758162269 1.0018999576568604
8779.975499902248 1.0218302011489868
8780.53024164223 1.0022507905960083
8781.08498338221 0.9733709692955017
8781.63972512219 0.9128627777099609
8782.19446686217 0.9686784744262695
8782.74920860215 0.9992755055427551
8783.303950342131 0.9630537629127502
8783.858692082113 0.9917649030685425
8784.413433822092 1.018637776374817
8784.968175562073 1.0186913013458252
8785.522917302053 1.0180041790008545
8786.077659042034 1.0113320350646973
8786.632400782015 0.9952548146247864
8787.187142521994 0.9460952877998352
8787.741884261975 0.9804538488388062
8788.296626001955 1.0139776468276978
8788.851367741936 1.0173307657241821
8789.406109481915 1.024794101715088
8789.960851221897 1.015944242477417
8790.515592961878 1.0141187906265259
8791.070334701857 0.996415913105011
8791.625076441838 0.9976510405540466
8792.17981818182 0.9881453514099121
8792.734559921799 0.9302763342857361
8793.28930166178 0.8547107577323914
8793.84404340176 0.9746518135070801
8794.39878514174 0.9985771179199219
8794.95352688172 0.998011589050293
8795.508268621701 0.9492634534835815
8796.063010361682 0.8252968192100525
8796.617752101662 0.9208115935325623
8797.172493841643 0.9844228625297546
8797.727235581622 0.9947731494903564
8798.281977321603 0.9831913113594055
8798.836719061585 0.944133996963501
8799.391460801564 0.9202659130096436
8799.946202541545 0.9667329788208008
8800.500944281524 0.9884849786758423
8801.055686021506 0.9640294909477234
8801.610427761487 0.9832530617713928
8802.165169501466 0.998276948928833
8802.719911241447 0.9828420877456665
8803.274652981427 0.9847025275230408
8803.829394721408 0.9778017997741699
8804.384136461389 0.9771885275840759
8804.938878201368 0.9723960161209106
8805.49361994135 0.9885976314544678
8806.048361681329 0.9792564511299133
8806.60310342131 0.9634252190589905
8807.157845161291 0.9168639779090881
8807.71258690127 0.8788692355155945
8808.267328641252 0.9278014898300171
8808.822070381231 0.9065842032432556
8809.376812121212 0.6836588978767395
8809.931553861194 0.6542748212814331
8810.486295601173 0.8699713945388794
8811.041037341154 0.9090858697891235
8811.595779081134 0.9687067270278931
8812.150520821115 0.9450263381004333
8812.705262561096 0.9699277281761169
8813.260004301075 1.008225917816162
8813.814746041056 1.010991096496582
8814.369487781036 1.0163540840148926
8814.924229521017 1.0277669429779053
8815.478971260998 1.000948429107666
8816.033713000978 0.9786092638969421
8816.588454740959 0.9878025054931641
8817.143196480938 0.9847345948219299
8817.69793822092 1.0010558366775513
8818.2526799609 1.0106611251831055
8818.80742170088 0.9937554001808167
8819.362163440861 0.9898921847343445
8819.91690518084 0.9807536602020264
8820.471646920822 1.0034974813461304
8821.026388660803 1.019429326057434
8821.581130400782 1.0032886266708374
8822.135872140763 0.9836080074310303
8822.690613880743 0.9770738482475281
8823.245355620724 1.0043666362762451
8823.800097360705 1.0002772808074951
8824.354839100684 0.993147611618042
8824.909580840666 1.0001583099365234
8825.464322580645 0.998543381690979
8826.019064320626 0.9803763031959534
8826.573806060605 0.9380857348442078
8827.128547800587 0.7495890259742737
8827.683289540568 0.834852397441864
8828.238031280547 0.9810308218002319
8828.792773020528 0.9899460673332214
8829.34751476051 0.9954408407211304
8829.902256500489 1.0024245977401733
8830.45699824047 0.9994693398475647
8831.01173998045 0.9711491465568542
8831.56648172043 0.9906352162361145
8832.12122346041 1.005016803741455
8832.675965200391 1.0011967420578003
8833.230706940372 0.9983842372894287
8833.785448680352 0.9986206293106079
8834.340190420333 1.008945345878601
8834.894932160314 1.0153224468231201
8835.449673900293 0.9953529238700867
8836.004415640275 0.9718204736709595
8836.559157380254 0.9716269969940186
8837.113899120235 0.9776003360748291
8837.668640860215 0.994411289691925
8838.223382600196 1.0061115026474
8838.778124340177 0.9641236662864685
8839.332866080156 0.9522348642349243
8839.887607820137 0.9662074446678162
8840.442349560117 0.9782554507255554
8840.997091300098 0.9509047269821167
8841.55183304008 0.8351149559020996
8842.106574780059 0.9293265342712402
8842.66131652004 0.9916864633560181
8843.216058260019 1.005260705947876
8843.7708 1.0388004779815674
