# CaT template converted from scan302.fits
# scan_id = scan302
# name = HD65714
# spectral_type = G8III
# template_category = g_giant_subgiant
# wavelength_unit = Angstrom
# flux_unit = relative_flux_not_absolute
# flux_error_unit = relative_flux_not_absolute
# flux_note = Cenarro et al. 2001 did not obtain absolute fluxes; spectra are relatively flux calibrated.
# error_note = Original downloaded FITS files contain no per-pixel error extension.
# pseudo_error_note = flux_error column is tiny positive pseudo-error for fitter compatibility
# spectral_resolution_fwhm_A = 1.50 for most stars; some cluster stars from runs 5/6 may retain original FWHM.
# normalized_before_writing = False
# normalization_factor = 1.0000000000e+00
# OBJECT_header = HD65714
# BUNIT_header = MISSING
# CRVAL1 = 8348.85
# CDELT1 = 0.85
# NAXIS1 = 790
# columns: wavelength flux flux_error
8.3488500000e+03 9.7290188074e-01 1.0268715024e-12
8.3497000000e+03 1.0319391489e+00 1.0268715024e-12
8.3505500000e+03 1.0795983076e+00 1.0268715024e-12
8.3514000000e+03 1.0891004801e+00 1.0268715024e-12
8.3522500000e+03 1.0693018436e+00 1.0268715024e-12
8.3531000000e+03 1.0454177856e+00 1.0268715024e-12
8.3539500000e+03 1.0355914831e+00 1.0268715024e-12
8.3548000000e+03 1.0418525934e+00 1.0268715024e-12
8.3556500000e+03 1.0324900150e+00 1.0268715024e-12
8.3565000000e+03 1.0116261244e+00 1.0268715024e-12
8.3573500000e+03 1.0054380894e+00 1.0268715024e-12
8.3582000000e+03 1.0309464931e+00 1.0268715024e-12
8.3590500000e+03 1.0542402267e+00 1.0268715024e-12
8.3599000000e+03 1.0528142452e+00 1.0268715024e-12
8.3607500000e+03 1.0399370193e+00 1.0268715024e-12
8.3616000000e+03 1.0378582478e+00 1.0268715024e-12
8.3624500000e+03 1.0332173109e+00 1.0268715024e-12
8.3633000000e+03 1.0009503365e+00 1.0268715024e-12
8.3641500000e+03 1.0020905733e+00 1.0268715024e-12
8.3650000000e+03 1.0264116526e+00 1.0268715024e-12
8.3658500000e+03 1.0132600069e+00 1.0268715024e-12
8.3667000000e+03 1.0384975672e+00 1.0268715024e-12
8.3675500000e+03 1.1000435352e+00 1.0268715024e-12
8.3684000000e+03 1.1034721136e+00 1.0268715024e-12
8.3692500000e+03 1.0666472912e+00 1.0268715024e-12
8.3701000000e+03 1.0534415245e+00 1.0268715024e-12
8.3709500000e+03 1.0673877001e+00 1.0268715024e-12
8.3718000000e+03 1.0644173622e+00 1.0268715024e-12
8.3726500000e+03 1.0717195272e+00 1.0268715024e-12
8.3735000000e+03 1.0575599670e+00 1.0268715024e-12
8.3743500000e+03 1.0648878813e+00 1.0268715024e-12
8.3752000000e+03 1.0759078264e+00 1.0268715024e-12
8.3760500000e+03 1.0228221416e+00 1.0268715024e-12
8.3769000000e+03 9.9449121952e-01 1.0268715024e-12
8.3777500000e+03 1.0025366545e+00 1.0268715024e-12
8.3786000000e+03 1.0646404028e+00 1.0268715024e-12
8.3794500000e+03 1.1383507252e+00 1.0268715024e-12
8.3803000000e+03 1.1200727224e+00 1.0268715024e-12
8.3811500000e+03 1.0644708872e+00 1.0268715024e-12
8.3820000000e+03 9.5423382521e-01 1.0268715024e-12
8.3828500000e+03 9.4060069323e-01 1.0268715024e-12
8.3837000000e+03 1.0074120760e+00 1.0268715024e-12
8.3845500000e+03 1.0459748507e+00 1.0268715024e-12
8.3854000000e+03 1.0545339584e+00 1.0268715024e-12
8.3862500000e+03 1.0322513580e+00 1.0268715024e-12
8.3871000000e+03 9.8104214668e-01 1.0268715024e-12
8.3879500000e+03 9.7638970613e-01 1.0268715024e-12
8.3888000000e+03 1.0230292082e+00 1.0268715024e-12
8.3896500000e+03 1.0339983702e+00 1.0268715024e-12
8.3905000000e+03 1.0482496023e+00 1.0268715024e-12
8.3913500000e+03 1.0768082142e+00 1.0268715024e-12
8.3922000000e+03 1.1051543951e+00 1.0268715024e-12
8.3930500000e+03 1.0987633467e+00 1.0268715024e-12
8.3939000000e+03 1.0679738522e+00 1.0268715024e-12
8.3947500000e+03 1.0651671886e+00 1.0268715024e-12
8.3956000000e+03 1.0632376671e+00 1.0268715024e-12
8.3964500000e+03 1.0349769592e+00 1.0268715024e-12
8.3973000000e+03 1.0267163515e+00 1.0268715024e-12
8.3981500000e+03 1.0442074537e+00 1.0268715024e-12
8.3990000000e+03 1.0752896070e+00 1.0268715024e-12
8.3998500000e+03 1.0973424911e+00 1.0268715024e-12
8.4007000000e+03 1.0622388124e+00 1.0268715024e-12
8.4015500000e+03 1.0272071362e+00 1.0268715024e-12
8.4024000000e+03 1.0534723997e+00 1.0268715024e-12
8.4032500000e+03 1.0872131586e+00 1.0268715024e-12
8.4041000000e+03 1.0825157166e+00 1.0268715024e-12
8.4049500000e+03 1.0666784048e+00 1.0268715024e-12
8.4058000000e+03 1.0845087767e+00 1.0268715024e-12
8.4066500000e+03 1.0852545500e+00 1.0268715024e-12
8.4075000000e+03 1.0574356318e+00 1.0268715024e-12
8.4083500000e+03 1.0627497435e+00 1.0268715024e-12
8.4092000000e+03 1.0818147659e+00 1.0268715024e-12
8.4100500000e+03 1.0887926817e+00 1.0268715024e-12
8.4109000000e+03 1.0697997808e+00 1.0268715024e-12
8.4117500000e+03 1.0079180002e+00 1.0268715024e-12
8.4126000000e+03 9.9918431044e-01 1.0268715024e-12
8.4134500000e+03 1.0594638586e+00 1.0268715024e-12
8.4143000000e+03 1.0939378738e+00 1.0268715024e-12
8.4151500000e+03 1.1011039019e+00 1.0268715024e-12
8.4160000000e+03 1.0783822536e+00 1.0268715024e-12
8.4168500000e+03 1.0597999096e+00 1.0268715024e-12
8.4177000000e+03 1.0535556078e+00 1.0268715024e-12
8.4185500000e+03 1.0479185581e+00 1.0268715024e-12
8.4194000000e+03 1.0350767374e+00 1.0268715024e-12
8.4202500000e+03 1.0457611084e+00 1.0268715024e-12
8.4211000000e+03 1.0586080551e+00 1.0268715024e-12
8.4219500000e+03 1.0578418970e+00 1.0268715024e-12
8.4228000000e+03 1.0669612885e+00 1.0268715024e-12
8.4236500000e+03 1.0589387417e+00 1.0268715024e-12
8.4245000000e+03 1.0582151413e+00 1.0268715024e-12
8.4253500000e+03 1.0126948357e+00 1.0268715024e-12
8.4262000000e+03 9.4339919090e-01 1.0268715024e-12
8.4270500000e+03 9.8713755608e-01 1.0268715024e-12
8.4279000000e+03 1.0871255398e+00 1.0268715024e-12
8.4287500000e+03 1.1261049509e+00 1.0268715024e-12
8.4296000000e+03 1.1057302952e+00 1.0268715024e-12
8.4304500000e+03 1.0780278444e+00 1.0268715024e-12
8.4313000000e+03 1.0867501497e+00 1.0268715024e-12
8.4321500000e+03 1.0748821497e+00 1.0268715024e-12
8.4330000000e+03 1.0610804558e+00 1.0268715024e-12
8.4338500000e+03 1.0006952286e+00 1.0268715024e-12
8.4347000000e+03 9.2905092239e-01 1.0268715024e-12
8.4355500000e+03 9.4278281927e-01 1.0268715024e-12
8.4364000000e+03 1.0218211412e+00 1.0268715024e-12
8.4372500000e+03 1.0634838343e+00 1.0268715024e-12
8.4381000000e+03 1.0466789007e+00 1.0268715024e-12
8.4389500000e+03 9.9986195564e-01 1.0268715024e-12
8.4398000000e+03 9.9120128155e-01 1.0268715024e-12
8.4406500000e+03 1.0190362930e+00 1.0268715024e-12
8.4415000000e+03 1.0533705950e+00 1.0268715024e-12
8.4423500000e+03 1.1054136753e+00 1.0268715024e-12
8.4432000000e+03 1.0936204195e+00 1.0268715024e-12
8.4440500000e+03 1.0529475212e+00 1.0268715024e-12
8.4449000000e+03 1.0460222960e+00 1.0268715024e-12
8.4457500000e+03 1.0015757084e+00 1.0268715024e-12
8.4466000000e+03 9.9078840017e-01 1.0268715024e-12
8.4474500000e+03 1.0380266905e+00 1.0268715024e-12
8.4483000000e+03 1.0619031191e+00 1.0268715024e-12
8.4491500000e+03 1.0507191420e+00 1.0268715024e-12
8.4500000000e+03 1.0193281174e+00 1.0268715024e-12
8.4508500000e+03 1.0382313728e+00 1.0268715024e-12
8.4517000000e+03 1.0739316940e+00 1.0268715024e-12
8.4525500000e+03 1.1025726795e+00 1.0268715024e-12
8.4534000000e+03 1.1090023518e+00 1.0268715024e-12
8.4542500000e+03 1.0774126053e+00 1.0268715024e-12
8.4551000000e+03 1.0623396635e+00 1.0268715024e-12
8.4559500000e+03 1.0337817669e+00 1.0268715024e-12
8.4568000000e+03 1.0233187675e+00 1.0268715024e-12
8.4576500000e+03 1.0445590019e+00 1.0268715024e-12
8.4585000000e+03 1.0738657713e+00 1.0268715024e-12
8.4593500000e+03 1.0399708748e+00 1.0268715024e-12
8.4602000000e+03 1.0583322048e+00 1.0268715024e-12
8.4610500000e+03 1.0970273018e+00 1.0268715024e-12
8.4619000000e+03 1.0982319117e+00 1.0268715024e-12
8.4627500000e+03 1.0755926371e+00 1.0268715024e-12
8.4636000000e+03 1.0419505835e+00 1.0268715024e-12
8.4644500000e+03 1.0531963110e+00 1.0268715024e-12
8.4653000000e+03 1.0167868137e+00 1.0268715024e-12
8.4661500000e+03 1.0330084562e+00 1.0268715024e-12
8.4670000000e+03 1.0289715528e+00 1.0268715024e-12
8.4678500000e+03 9.7305870056e-01 1.0268715024e-12
8.4687000000e+03 9.7130185366e-01 1.0268715024e-12
8.4695500000e+03 1.0373237133e+00 1.0268715024e-12
8.4704000000e+03 1.0558543205e+00 1.0268715024e-12
8.4712500000e+03 1.0432953835e+00 1.0268715024e-12
8.4721000000e+03 1.0121445656e+00 1.0268715024e-12
8.4729500000e+03 1.0625442266e+00 1.0268715024e-12
8.4738000000e+03 1.0903624296e+00 1.0268715024e-12
8.4746500000e+03 1.1194692850e+00 1.0268715024e-12
8.4755000000e+03 1.1168693304e+00 1.0268715024e-12
8.4763500000e+03 1.0610259771e+00 1.0268715024e-12
8.4772000000e+03 1.0487004519e+00 1.0268715024e-12
8.4780500000e+03 1.0742290020e+00 1.0268715024e-12
8.4789000000e+03 1.0903146267e+00 1.0268715024e-12
8.4797500000e+03 1.0573434830e+00 1.0268715024e-12
8.4806000000e+03 1.0297805071e+00 1.0268715024e-12
8.4814500000e+03 1.0326613188e+00 1.0268715024e-12
8.4823000000e+03 1.0440093279e+00 1.0268715024e-12
8.4831500000e+03 1.0497146845e+00 1.0268715024e-12
8.4840000000e+03 1.0676914454e+00 1.0268715024e-12
8.4848500000e+03 1.0909736156e+00 1.0268715024e-12
8.4857000000e+03 1.0969421864e+00 1.0268715024e-12
8.4865500000e+03 1.0830602646e+00 1.0268715024e-12
8.4874000000e+03 1.0391465425e+00 1.0268715024e-12
8.4882500000e+03 1.0306427479e+00 1.0268715024e-12
8.4891000000e+03 1.0691093206e+00 1.0268715024e-12
8.4899500000e+03 1.0985651016e+00 1.0268715024e-12
8.4908000000e+03 1.0692815781e+00 1.0268715024e-12
8.4916500000e+03 1.0447477102e+00 1.0268715024e-12
8.4925000000e+03 1.0524787903e+00 1.0268715024e-12
8.4933500000e+03 1.0461791754e+00 1.0268715024e-12
8.4942000000e+03 1.0457538366e+00 1.0268715024e-12
8.4950500000e+03 1.0268203020e+00 1.0268715024e-12
8.4959000000e+03 9.3244725466e-01 1.0268715024e-12
8.4967500000e+03 7.4499845505e-01 1.0268715024e-12
8.4976000000e+03 5.6918734312e-01 1.0268715024e-12
8.4984500000e+03 5.9611499310e-01 1.0268715024e-12
8.4993000000e+03 8.2047998905e-01 1.0268715024e-12
8.5001500000e+03 9.5889949799e-01 1.0268715024e-12
8.5010000000e+03 9.7632974386e-01 1.0268715024e-12
8.5018500000e+03 9.5446008444e-01 1.0268715024e-12
8.5027000000e+03 9.6978890896e-01 1.0268715024e-12
8.5035500000e+03 1.0149538517e+00 1.0268715024e-12
8.5044000000e+03 1.0254068375e+00 1.0268715024e-12
8.5052500000e+03 1.0223047733e+00 1.0268715024e-12
8.5061000000e+03 1.0671805143e+00 1.0268715024e-12
8.5069500000e+03 1.0833932161e+00 1.0268715024e-12
8.5078000000e+03 1.0884075165e+00 1.0268715024e-12
8.5086500000e+03 1.0765231848e+00 1.0268715024e-12
8.5095000000e+03 1.0533225536e+00 1.0268715024e-12
8.5103500000e+03 1.0585991144e+00 1.0268715024e-12
8.5112000000e+03 1.0525510311e+00 1.0268715024e-12
8.5120500000e+03 1.0523167849e+00 1.0268715024e-12
8.5129000000e+03 1.0136232376e+00 1.0268715024e-12
8.5137500000e+03 9.3332511187e-01 1.0268715024e-12
8.5146000000e+03 9.2080467939e-01 1.0268715024e-12
8.5154500000e+03 9.9308913946e-01 1.0268715024e-12
8.5163000000e+03 1.0609327555e+00 1.0268715024e-12
8.5171500000e+03 1.0387190580e+00 1.0268715024e-12
8.5180000000e+03 1.0019596815e+00 1.0268715024e-12
8.5188500000e+03 1.0144742727e+00 1.0268715024e-12
8.5197000000e+03 1.0444606543e+00 1.0268715024e-12
8.5205500000e+03 1.0376005173e+00 1.0268715024e-12
8.5214000000e+03 1.0518091917e+00 1.0268715024e-12
8.5222500000e+03 1.0570036173e+00 1.0268715024e-12
8.5231000000e+03 1.0366693735e+00 1.0268715024e-12
8.5239500000e+03 1.0337023735e+00 1.0268715024e-12
8.5248000000e+03 1.0345960855e+00 1.0268715024e-12
8.5256500000e+03 1.0156316757e+00 1.0268715024e-12
8.5265000000e+03 9.9087357521e-01 1.0268715024e-12
8.5273500000e+03 1.0044001341e+00 1.0268715024e-12
8.5282000000e+03 1.0570834875e+00 1.0268715024e-12
8.5290500000e+03 1.0481771231e+00 1.0268715024e-12
8.5299000000e+03 1.0373939276e+00 1.0268715024e-12
8.5307500000e+03 1.0173640251e+00 1.0268715024e-12
8.5316000000e+03 1.0023049116e+00 1.0268715024e-12
8.5324500000e+03 1.0114076138e+00 1.0268715024e-12
8.5333000000e+03 1.0482295752e+00 1.0268715024e-12
8.5341500000e+03 1.0400587320e+00 1.0268715024e-12
8.5350000000e+03 9.9274212122e-01 1.0268715024e-12
8.5358500000e+03 9.3555098772e-01 1.0268715024e-12
8.5367000000e+03 9.2755609751e-01 1.0268715024e-12
8.5375500000e+03 8.9071869850e-01 1.0268715024e-12
8.5384000000e+03 8.2801306248e-01 1.0268715024e-12
8.5392500000e+03 7.8957647085e-01 1.0268715024e-12
8.5401000000e+03 7.0230990648e-01 1.0268715024e-12
8.5409500000e+03 5.4273873568e-01 1.0268715024e-12
8.5418000000e+03 3.8162568212e-01 1.0268715024e-12
8.5426500000e+03 4.2434003949e-01 1.0268715024e-12
8.5435000000e+03 6.0950940847e-01 1.0268715024e-12
8.5443500000e+03 7.4273532629e-01 1.0268715024e-12
8.5452000000e+03 8.2435768843e-01 1.0268715024e-12
8.5460500000e+03 8.8501942158e-01 1.0268715024e-12
8.5469000000e+03 9.2089140415e-01 1.0268715024e-12
8.5477500000e+03 9.2292642593e-01 1.0268715024e-12
8.5486000000e+03 9.4618463516e-01 1.0268715024e-12
8.5494500000e+03 9.9271410704e-01 1.0268715024e-12
8.5503000000e+03 1.0043791533e+00 1.0268715024e-12
8.5511500000e+03 1.0108580589e+00 1.0268715024e-12
8.5520000000e+03 1.0529460907e+00 1.0268715024e-12
8.5528500000e+03 1.0858955383e+00 1.0268715024e-12
8.5537000000e+03 1.0655832291e+00 1.0268715024e-12
8.5545500000e+03 1.0166940689e+00 1.0268715024e-12
8.5554000000e+03 9.8500764370e-01 1.0268715024e-12
8.5562500000e+03 9.6347594261e-01 1.0268715024e-12
8.5571000000e+03 9.8431068659e-01 1.0268715024e-12
8.5579500000e+03 1.0523829460e+00 1.0268715024e-12
8.5588000000e+03 1.0544406176e+00 1.0268715024e-12
8.5596500000e+03 1.0474201441e+00 1.0268715024e-12
8.5605000000e+03 1.0401687622e+00 1.0268715024e-12
8.5613500000e+03 1.0347200632e+00 1.0268715024e-12
8.5622000000e+03 1.0120745897e+00 1.0268715024e-12
8.5630500000e+03 1.0418651104e+00 1.0268715024e-12
8.5639000000e+03 1.0418463945e+00 1.0268715024e-12
8.5647500000e+03 1.0344901085e+00 1.0268715024e-12
8.5656000000e+03 1.0377771854e+00 1.0268715024e-12
8.5664500000e+03 1.0764409304e+00 1.0268715024e-12
8.5673000000e+03 1.0558906794e+00 1.0268715024e-12
8.5681500000e+03 1.0475841761e+00 1.0268715024e-12
8.5690000000e+03 1.0611504316e+00 1.0268715024e-12
8.5698500000e+03 1.0713828802e+00 1.0268715024e-12
8.5707000000e+03 1.0663003922e+00 1.0268715024e-12
8.5715500000e+03 1.0321738720e+00 1.0268715024e-12
8.5724000000e+03 1.0170680285e+00 1.0268715024e-12
8.5732500000e+03 1.0261957645e+00 1.0268715024e-12
8.5741000000e+03 1.0406709909e+00 1.0268715024e-12
8.5749500000e+03 1.0356678963e+00 1.0268715024e-12
8.5758000000e+03 1.0615028143e+00 1.0268715024e-12
8.5766500000e+03 1.0838510990e+00 1.0268715024e-12
8.5775000000e+03 1.0923984051e+00 1.0268715024e-12
8.5783500000e+03 1.0752345324e+00 1.0268715024e-12
8.5792000000e+03 1.0819497108e+00 1.0268715024e-12
8.5800500000e+03 1.0693104267e+00 1.0268715024e-12
8.5809000000e+03 1.0486663580e+00 1.0268715024e-12
8.5817500000e+03 1.0006313324e+00 1.0268715024e-12
8.5826000000e+03 9.6454298496e-01 1.0268715024e-12
8.5834500000e+03 1.0200186968e+00 1.0268715024e-12
8.5843000000e+03 1.0468376875e+00 1.0268715024e-12
8.5851500000e+03 1.0323957205e+00 1.0268715024e-12
8.5860000000e+03 1.0415805578e+00 1.0268715024e-12
8.5868500000e+03 1.0506010056e+00 1.0268715024e-12
8.5877000000e+03 1.0621607304e+00 1.0268715024e-12
8.5885500000e+03 1.0678030252e+00 1.0268715024e-12
8.5894000000e+03 1.0226056576e+00 1.0268715024e-12
8.5902500000e+03 1.0382920504e+00 1.0268715024e-12
8.5911000000e+03 1.0417829752e+00 1.0268715024e-12
8.5919500000e+03 1.0213718414e+00 1.0268715024e-12
8.5928000000e+03 9.9504297972e-01 1.0268715024e-12
8.5936500000e+03 1.0473195314e+00 1.0268715024e-12
8.5945000000e+03 1.0871632099e+00 1.0268715024e-12
8.5953500000e+03 1.0617160797e+00 1.0268715024e-12
8.5962000000e+03 1.0205833912e+00 1.0268715024e-12
8.5970500000e+03 1.0034683943e+00 1.0268715024e-12
8.5979000000e+03 1.0170471668e+00 1.0268715024e-12
8.5987500000e+03 1.0112498999e+00 1.0268715024e-12
8.5996000000e+03 1.0475825071e+00 1.0268715024e-12
8.6004500000e+03 1.0766968727e+00 1.0268715024e-12
8.6013000000e+03 1.0792664289e+00 1.0268715024e-12
8.6021500000e+03 1.0535497665e+00 1.0268715024e-12
8.6030000000e+03 1.0307911634e+00 1.0268715024e-12
8.6038500000e+03 1.0258380175e+00 1.0268715024e-12
8.6047000000e+03 1.0349080563e+00 1.0268715024e-12
8.6055500000e+03 1.0349326134e+00 1.0268715024e-12
8.6064000000e+03 1.0321185589e+00 1.0268715024e-12
8.6072500000e+03 1.0201224089e+00 1.0268715024e-12
8.6081000000e+03 1.0434435606e+00 1.0268715024e-12
8.6089500000e+03 1.0493375063e+00 1.0268715024e-12
8.6098000000e+03 1.0110813379e+00 1.0268715024e-12
8.6106500000e+03 9.8525971174e-01 1.0268715024e-12
8.6115000000e+03 9.5865744352e-01 1.0268715024e-12
8.6123500000e+03 1.0002251863e+00 1.0268715024e-12
8.6132000000e+03 1.0372819901e+00 1.0268715024e-12
8.6140500000e+03 1.0305737257e+00 1.0268715024e-12
8.6149000000e+03 1.0461237431e+00 1.0268715024e-12
8.6157500000e+03 1.0468043089e+00 1.0268715024e-12
8.6166000000e+03 1.0558736324e+00 1.0268715024e-12
8.6174500000e+03 1.0654736757e+00 1.0268715024e-12
8.6183000000e+03 1.0652406216e+00 1.0268715024e-12
8.6191500000e+03 1.0691784620e+00 1.0268715024e-12
8.6200000000e+03 1.0788040161e+00 1.0268715024e-12
8.6208500000e+03 1.0481787920e+00 1.0268715024e-12
8.6217000000e+03 9.9192368984e-01 1.0268715024e-12
8.6225500000e+03 1.0000635386e+00 1.0268715024e-12
8.6234000000e+03 1.0497537851e+00 1.0268715024e-12
8.6242500000e+03 1.0833954811e+00 1.0268715024e-12
8.6251000000e+03 1.0603561401e+00 1.0268715024e-12
8.6259500000e+03 1.0451004505e+00 1.0268715024e-12
8.6268000000e+03 1.0632288456e+00 1.0268715024e-12
8.6276500000e+03 1.0842854977e+00 1.0268715024e-12
8.6285000000e+03 1.0842846632e+00 1.0268715024e-12
8.6293500000e+03 1.0623747110e+00 1.0268715024e-12
8.6302000000e+03 1.0661050081e+00 1.0268715024e-12
8.6310500000e+03 1.0527420044e+00 1.0268715024e-12
8.6319000000e+03 1.0310549736e+00 1.0268715024e-12
8.6327500000e+03 1.0358984470e+00 1.0268715024e-12
8.6336000000e+03 1.0444428921e+00 1.0268715024e-12
8.6344500000e+03 1.0267270803e+00 1.0268715024e-12
8.6353000000e+03 1.0357960463e+00 1.0268715024e-12
8.6361500000e+03 1.0568362474e+00 1.0268715024e-12
8.6370000000e+03 1.0541725159e+00 1.0268715024e-12
8.6378500000e+03 1.0513708591e+00 1.0268715024e-12
8.6387000000e+03 1.0414888859e+00 1.0268715024e-12
8.6395500000e+03 1.0498504639e+00 1.0268715024e-12
8.6404000000e+03 1.0692518950e+00 1.0268715024e-12
8.6412500000e+03 1.0462394953e+00 1.0268715024e-12
8.6421000000e+03 1.0105820894e+00 1.0268715024e-12
8.6429500000e+03 1.0309019089e+00 1.0268715024e-12
8.6438000000e+03 1.0378248692e+00 1.0268715024e-12
8.6446500000e+03 1.0309904814e+00 1.0268715024e-12
8.6455000000e+03 1.0138162374e+00 1.0268715024e-12
8.6463500000e+03 1.0154719353e+00 1.0268715024e-12
8.6472000000e+03 1.0076380968e+00 1.0268715024e-12
8.6480500000e+03 9.4748508930e-01 1.0268715024e-12
8.6489000000e+03 9.2012643814e-01 1.0268715024e-12
8.6497500000e+03 1.0126103163e+00 1.0268715024e-12
8.6506000000e+03 1.0269227028e+00 1.0268715024e-12
8.6514500000e+03 1.0250523090e+00 1.0268715024e-12
8.6523000000e+03 1.0345907211e+00 1.0268715024e-12
8.6531500000e+03 1.0190776587e+00 1.0268715024e-12
8.6540000000e+03 9.9387860298e-01 1.0268715024e-12
8.6548500000e+03 9.8147231340e-01 1.0268715024e-12
8.6557000000e+03 9.9299132824e-01 1.0268715024e-12
8.6565500000e+03 9.6759319305e-01 1.0268715024e-12
8.6574000000e+03 9.4840228558e-01 1.0268715024e-12
8.6582500000e+03 9.1739445925e-01 1.0268715024e-12
8.6591000000e+03 8.6655867100e-01 1.0268715024e-12
8.6599500000e+03 7.7902138233e-01 1.0268715024e-12
8.6608000000e+03 6.4214855433e-01 1.0268715024e-12
8.6616500000e+03 4.8607990146e-01 1.0268715024e-12
8.6625000000e+03 4.2810735106e-01 1.0268715024e-12
8.6633500000e+03 5.9395426512e-01 1.0268715024e-12
8.6642000000e+03 7.6858937740e-01 1.0268715024e-12
8.6650500000e+03 8.3960711956e-01 1.0268715024e-12
8.6659000000e+03 8.8716077805e-01 1.0268715024e-12
8.6667500000e+03 9.2346221209e-01 1.0268715024e-12
8.6676000000e+03 9.5851480961e-01 1.0268715024e-12
8.6684500000e+03 9.6711009741e-01 1.0268715024e-12
8.6693000000e+03 9.7367888689e-01 1.0268715024e-12
8.6701500000e+03 1.0056703091e+00 1.0268715024e-12
8.6710000000e+03 9.6331483126e-01 1.0268715024e-12
8.6718500000e+03 9.6755284071e-01 1.0268715024e-12
8.6727000000e+03 9.8423236609e-01 1.0268715024e-12
8.6735500000e+03 9.4570189714e-01 1.0268715024e-12
8.6744000000e+03 9.2512863874e-01 1.0268715024e-12
8.6752500000e+03 9.2676115036e-01 1.0268715024e-12
8.6761000000e+03 1.0099507570e+00 1.0268715024e-12
8.6769500000e+03 1.0543246269e+00 1.0268715024e-12
8.6778000000e+03 1.0347441435e+00 1.0268715024e-12
8.6786500000e+03 9.9786067009e-01 1.0268715024e-12
8.6795000000e+03 9.5122987032e-01 1.0268715024e-12
8.6803500000e+03 9.5386195183e-01 1.0268715024e-12
8.6812000000e+03 9.8801827431e-01 1.0268715024e-12
8.6820500000e+03 9.8357671499e-01 1.0268715024e-12
8.6829000000e+03 9.6558159590e-01 1.0268715024e-12
8.6837500000e+03 9.9859434366e-01 1.0268715024e-12
8.6846000000e+03 1.0464309454e+00 1.0268715024e-12
8.6854500000e+03 1.0315998793e+00 1.0268715024e-12
8.6863000000e+03 9.9282008410e-01 1.0268715024e-12
8.6871500000e+03 1.0012179613e+00 1.0268715024e-12
8.6880000000e+03 8.9426457882e-01 1.0268715024e-12
8.6888500000e+03 7.9838985205e-01 1.0268715024e-12
8.6897000000e+03 8.9721649885e-01 1.0268715024e-12
8.6905500000e+03 1.0008975267e+00 1.0268715024e-12
8.6914000000e+03 1.0542900562e+00 1.0268715024e-12
8.6922500000e+03 1.0376480818e+00 1.0268715024e-12
8.6931000000e+03 1.0321608782e+00 1.0268715024e-12
8.6939500000e+03 1.0411882401e+00 1.0268715024e-12
8.6948000000e+03 1.0356540680e+00 1.0268715024e-12
8.6956500000e+03 1.0324188471e+00 1.0268715024e-12
8.6965000000e+03 1.0289570093e+00 1.0268715024e-12
8.6973500000e+03 1.0289635658e+00 1.0268715024e-12
8.6982000000e+03 9.9452370405e-01 1.0268715024e-12
8.6990500000e+03 9.6387296915e-01 1.0268715024e-12
8.6999000000e+03 9.8036640882e-01 1.0268715024e-12
8.7007500000e+03 1.0257589817e+00 1.0268715024e-12
8.7016000000e+03 1.0182502270e+00 1.0268715024e-12
8.7024500000e+03 9.8291760683e-01 1.0268715024e-12
8.7033000000e+03 9.7432541847e-01 1.0268715024e-12
8.7041500000e+03 9.9676597118e-01 1.0268715024e-12
8.7050000000e+03 1.0190725327e+00 1.0268715024e-12
8.7058500000e+03 1.0312767029e+00 1.0268715024e-12
8.7067000000e+03 1.0297895670e+00 1.0268715024e-12
8.7075500000e+03 1.0324596167e+00 1.0268715024e-12
8.7084000000e+03 1.0572344065e+00 1.0268715024e-12
8.7092500000e+03 1.0182303190e+00 1.0268715024e-12
8.7101000000e+03 9.4404470921e-01 1.0268715024e-12
8.7109500000e+03 9.8252326250e-01 1.0268715024e-12
8.7118000000e+03 9.9183738232e-01 1.0268715024e-12
8.7126500000e+03 9.4614195824e-01 1.0268715024e-12
8.7135000000e+03 9.5313727856e-01 1.0268715024e-12
8.7143500000e+03 1.0142825842e+00 1.0268715024e-12
8.7152000000e+03 1.0467090607e+00 1.0268715024e-12
8.7160500000e+03 1.0670230389e+00 1.0268715024e-12
8.7169000000e+03 1.0519614220e+00 1.0268715024e-12
8.7177500000e+03 9.9631398916e-01 1.0268715024e-12
8.7186000000e+03 1.0049898624e+00 1.0268715024e-12
8.7194500000e+03 1.0430058241e+00 1.0268715024e-12
8.7203000000e+03 1.0317409039e+00 1.0268715024e-12
8.7211500000e+03 1.0184055567e+00 1.0268715024e-12
8.7220000000e+03 1.0483530760e+00 1.0268715024e-12
8.7228500000e+03 1.0614504814e+00 1.0268715024e-12
8.7237000000e+03 1.0223909616e+00 1.0268715024e-12
8.7245500000e+03 1.0101144314e+00 1.0268715024e-12
8.7254000000e+03 1.0451252460e+00 1.0268715024e-12
8.7262500000e+03 1.0416821241e+00 1.0268715024e-12
8.7271000000e+03 1.0010566711e+00 1.0268715024e-12
8.7279500000e+03 9.5389002562e-01 1.0268715024e-12
8.7288000000e+03 9.5187586546e-01 1.0268715024e-12
8.7296500000e+03 9.7154283524e-01 1.0268715024e-12
8.7305000000e+03 9.9815660715e-01 1.0268715024e-12
8.7313500000e+03 1.0411411524e+00 1.0268715024e-12
8.7322000000e+03 1.0709813833e+00 1.0268715024e-12
8.7330500000e+03 1.0619492531e+00 1.0268715024e-12
8.7339000000e+03 1.0453716516e+00 1.0268715024e-12
8.7347500000e+03 1.0127391815e+00 1.0268715024e-12
8.7356000000e+03 9.7082704306e-01 1.0268715024e-12
8.7364500000e+03 9.7709465027e-01 1.0268715024e-12
8.7373000000e+03 1.0253114700e+00 1.0268715024e-12
8.7381500000e+03 1.0548706055e+00 1.0268715024e-12
8.7390000000e+03 1.0515038967e+00 1.0268715024e-12
8.7398500000e+03 1.0327348709e+00 1.0268715024e-12
8.7407000000e+03 9.9250471592e-01 1.0268715024e-12
8.7415500000e+03 9.6431952715e-01 1.0268715024e-12
8.7424000000e+03 9.5488262177e-01 1.0268715024e-12
8.7432500000e+03 9.9866604805e-01 1.0268715024e-12
8.7441000000e+03 1.0422750711e+00 1.0268715024e-12
8.7449500000e+03 1.0187444687e+00 1.0268715024e-12
8.7458000000e+03 1.0201747417e+00 1.0268715024e-12
8.7466500000e+03 1.0266144276e+00 1.0268715024e-12
8.7475000000e+03 9.9203938246e-01 1.0268715024e-12
8.7483500000e+03 1.0000598431e+00 1.0268715024e-12
8.7492000000e+03 1.0256081820e+00 1.0268715024e-12
8.7500500000e+03 1.0070856810e+00 1.0268715024e-12
8.7509000000e+03 9.7957664728e-01 1.0268715024e-12
8.7517500000e+03 9.3550568819e-01 1.0268715024e-12
8.7526000000e+03 9.6883112192e-01 1.0268715024e-12
8.7534500000e+03 1.0375039577e+00 1.0268715024e-12
8.7543000000e+03 1.0516954660e+00 1.0268715024e-12
8.7551500000e+03 1.0601993799e+00 1.0268715024e-12
8.7560000000e+03 1.0283235312e+00 1.0268715024e-12
8.7568500000e+03 9.6380567551e-01 1.0268715024e-12
8.7577000000e+03 9.7654634714e-01 1.0268715024e-12
8.7585500000e+03 1.0550608635e+00 1.0268715024e-12
8.7594000000e+03 1.0582548380e+00 1.0268715024e-12
8.7602500000e+03 1.0348522663e+00 1.0268715024e-12
8.7611000000e+03 1.0400503874e+00 1.0268715024e-12
8.7619500000e+03 1.0430717468e+00 1.0268715024e-12
8.7628000000e+03 1.0226161480e+00 1.0268715024e-12
8.7636500000e+03 9.6306967735e-01 1.0268715024e-12
8.7645000000e+03 9.6221941710e-01 1.0268715024e-12
8.7653500000e+03 1.0142909288e+00 1.0268715024e-12
8.7662000000e+03 1.0089274645e+00 1.0268715024e-12
8.7670500000e+03 9.9241572618e-01 1.0268715024e-12
8.7679000000e+03 1.0303664207e+00 1.0268715024e-12
8.7687500000e+03 1.0425255299e+00 1.0268715024e-12
8.7696000000e+03 1.0153000355e+00 1.0268715024e-12
8.7704500000e+03 9.8777681589e-01 1.0268715024e-12
8.7713000000e+03 1.0117708445e+00 1.0268715024e-12
8.7721500000e+03 1.0114592314e+00 1.0268715024e-12
8.7730000000e+03 9.3621730804e-01 1.0268715024e-12
8.7738500000e+03 9.0426754951e-01 1.0268715024e-12
8.7747000000e+03 9.4300079346e-01 1.0268715024e-12
8.7755500000e+03 1.0298013687e+00 1.0268715024e-12
8.7764000000e+03 1.0451757908e+00 1.0268715024e-12
8.7772500000e+03 1.0394849777e+00 1.0268715024e-12
8.7781000000e+03 1.0167576075e+00 1.0268715024e-12
8.7789500000e+03 1.0008002520e+00 1.0268715024e-12
8.7798000000e+03 9.9331784248e-01 1.0268715024e-12
8.7806500000e+03 1.0118132830e+00 1.0268715024e-12
8.7815000000e+03 1.0235124826e+00 1.0268715024e-12
8.7823500000e+03 1.0544086695e+00 1.0268715024e-12
8.7832000000e+03 1.0164971352e+00 1.0268715024e-12
8.7840500000e+03 9.6969044209e-01 1.0268715024e-12
8.7849000000e+03 9.8910826445e-01 1.0268715024e-12
8.7857500000e+03 1.0390479565e+00 1.0268715024e-12
8.7866000000e+03 1.0603251457e+00 1.0268715024e-12
8.7874500000e+03 1.0561703444e+00 1.0268715024e-12
8.7883000000e+03 1.0486065149e+00 1.0268715024e-12
8.7891500000e+03 1.0165308714e+00 1.0268715024e-12
8.7900000000e+03 9.6295887232e-01 1.0268715024e-12
8.7908500000e+03 9.6969532967e-01 1.0268715024e-12
8.7917000000e+03 1.0371658802e+00 1.0268715024e-12
8.7925500000e+03 1.0210580826e+00 1.0268715024e-12
8.7934000000e+03 9.5535683632e-01 1.0268715024e-12
8.7942500000e+03 9.7834968567e-01 1.0268715024e-12
8.7951000000e+03 1.0368133783e+00 1.0268715024e-12
8.7959500000e+03 1.0080213547e+00 1.0268715024e-12
8.7968000000e+03 9.9320238829e-01 1.0268715024e-12
8.7976500000e+03 1.0243471861e+00 1.0268715024e-12
8.7985000000e+03 1.0526366234e+00 1.0268715024e-12
8.7993500000e+03 1.0607289076e+00 1.0268715024e-12
8.8002000000e+03 1.0709068775e+00 1.0268715024e-12
8.8010500000e+03 1.0578962564e+00 1.0268715024e-12
8.8019000000e+03 1.0542397499e+00 1.0268715024e-12
8.8027500000e+03 1.0719873905e+00 1.0268715024e-12
8.8036000000e+03 1.0389784575e+00 1.0268715024e-12
8.8044500000e+03 9.4634526968e-01 1.0268715024e-12
8.8053000000e+03 9.2448633909e-01 1.0268715024e-12
8.8061500000e+03 8.8877499104e-01 1.0268715024e-12
8.8070000000e+03 7.9047596455e-01 1.0268715024e-12
8.8078500000e+03 8.7007498741e-01 1.0268715024e-12
8.8087000000e+03 9.6758037806e-01 1.0268715024e-12
8.8095500000e+03 1.0024070740e+00 1.0268715024e-12
8.8104000000e+03 1.0334509611e+00 1.0268715024e-12
8.8112500000e+03 1.0802011490e+00 1.0268715024e-12
8.8121000000e+03 1.0684401989e+00 1.0268715024e-12
8.8129500000e+03 1.0510404110e+00 1.0268715024e-12
8.8138000000e+03 1.0463972092e+00 1.0268715024e-12
8.8146500000e+03 1.0333231688e+00 1.0268715024e-12
8.8155000000e+03 1.0464715958e+00 1.0268715024e-12
8.8163500000e+03 1.0502709150e+00 1.0268715024e-12
8.8172000000e+03 1.0460417271e+00 1.0268715024e-12
8.8180500000e+03 1.0516254902e+00 1.0268715024e-12
8.8189000000e+03 1.0522581339e+00 1.0268715024e-12
8.8197500000e+03 1.0244141817e+00 1.0268715024e-12
8.8206000000e+03 1.0245282650e+00 1.0268715024e-12
8.8214500000e+03 1.0354809761e+00 1.0268715024e-12
8.8223000000e+03 1.0248658657e+00 1.0268715024e-12
8.8231500000e+03 9.9355918169e-01 1.0268715024e-12
8.8240000000e+03 8.9903968573e-01 1.0268715024e-12
8.8248500000e+03 8.8979268074e-01 1.0268715024e-12
8.8257000000e+03 1.0340608358e+00 1.0268715024e-12
8.8265500000e+03 1.0649067163e+00 1.0268715024e-12
8.8274000000e+03 1.0354069471e+00 1.0268715024e-12
8.8282500000e+03 1.0309042931e+00 1.0268715024e-12
8.8291000000e+03 1.0461591482e+00 1.0268715024e-12
8.8299500000e+03 1.0372474194e+00 1.0268715024e-12
8.8308000000e+03 1.0392186642e+00 1.0268715024e-12
8.8316500000e+03 1.0555355549e+00 1.0268715024e-12
8.8325000000e+03 1.0561950207e+00 1.0268715024e-12
8.8333500000e+03 1.0437030792e+00 1.0268715024e-12
8.8342000000e+03 1.0429120064e+00 1.0268715024e-12
8.8350500000e+03 1.0437002182e+00 1.0268715024e-12
8.8359000000e+03 1.0212184191e+00 1.0268715024e-12
8.8367500000e+03 1.0013087988e+00 1.0268715024e-12
8.8376000000e+03 9.9509859085e-01 1.0268715024e-12
8.8384500000e+03 9.5677047968e-01 1.0268715024e-12
8.8393000000e+03 9.7929948568e-01 1.0268715024e-12
8.8401500000e+03 1.0327684879e+00 1.0268715024e-12
8.8410000000e+03 1.0339225531e+00 1.0268715024e-12
8.8418500000e+03 1.0447727442e+00 1.0268715024e-12
8.8427000000e+03 1.0376199484e+00 1.0268715024e-12
8.8435500000e+03 1.0372585058e+00 1.0268715024e-12
8.8444000000e+03 1.0426534414e+00 1.0268715024e-12
8.8452500000e+03 1.0499666929e+00 1.0268715024e-12
8.8461000000e+03 1.0323398113e+00 1.0268715024e-12
8.8469500000e+03 1.0111210346e+00 1.0268715024e-12
8.8478000000e+03 1.0235588551e+00 1.0268715024e-12
8.8486500000e+03 1.0451337099e+00 1.0268715024e-12
8.8495000000e+03 1.0322445631e+00 1.0268715024e-12
8.8503500000e+03 1.0291804075e+00 1.0268715024e-12
8.8512000000e+03 1.0267899036e+00 1.0268715024e-12
8.8520500000e+03 1.0179160833e+00 1.0268715024e-12
8.8529000000e+03 1.0187648535e+00 1.0268715024e-12
8.8537500000e+03 1.0316675901e+00 1.0268715024e-12
8.8546000000e+03 1.0477665663e+00 1.0268715024e-12
8.8554500000e+03 1.0484141111e+00 1.0268715024e-12
8.8563000000e+03 1.0369559526e+00 1.0268715024e-12
8.8571500000e+03 1.0325143337e+00 1.0268715024e-12
8.8580000000e+03 1.0103160143e+00 1.0268715024e-12
8.8588500000e+03 1.0097056627e+00 1.0268715024e-12
8.8597000000e+03 1.0134005547e+00 1.0268715024e-12
8.8605500000e+03 1.0118215084e+00 1.0268715024e-12
8.8614000000e+03 9.8436194658e-01 1.0268715024e-12
8.8622500000e+03 9.1811102629e-01 1.0268715024e-12
8.8631000000e+03 9.1194796562e-01 1.0268715024e-12
8.8639500000e+03 9.8405164480e-01 1.0268715024e-12
8.8648000000e+03 1.0270609856e+00 1.0268715024e-12
8.8656500000e+03 1.0160987377e+00 1.0268715024e-12
8.8665000000e+03 9.5984923840e-01 1.0268715024e-12
8.8673500000e+03 9.3742835522e-01 1.0268715024e-12
8.8682000000e+03 9.4435852766e-01 1.0268715024e-12
8.8690500000e+03 9.7681719065e-01 1.0268715024e-12
8.8699000000e+03 1.0429095030e+00 1.0268715024e-12
8.8707500000e+03 1.0440734625e+00 1.0268715024e-12
8.8716000000e+03 1.0174202919e+00 1.0268715024e-12
8.8724500000e+03 1.0201647282e+00 1.0268715024e-12
8.8733000000e+03 1.0512105227e+00 1.0268715024e-12
8.8741500000e+03 1.0366319418e+00 1.0268715024e-12
8.8750000000e+03 1.0169466734e+00 1.0268715024e-12
8.8758500000e+03 1.0028549433e+00 1.0268715024e-12
8.8767000000e+03 9.9863702059e-01 1.0268715024e-12
8.8775500000e+03 1.0359785557e+00 1.0268715024e-12
8.8784000000e+03 1.0075610876e+00 1.0268715024e-12
8.8792500000e+03 9.8225963116e-01 1.0268715024e-12
8.8801000000e+03 1.0408271551e+00 1.0268715024e-12
8.8809500000e+03 1.0740540028e+00 1.0268715024e-12
8.8818000000e+03 1.0520308018e+00 1.0268715024e-12
8.8826500000e+03 1.0497099161e+00 1.0268715024e-12
8.8835000000e+03 1.0343934298e+00 1.0268715024e-12
8.8843500000e+03 1.0205867290e+00 1.0268715024e-12
8.8852000000e+03 1.0424917936e+00 1.0268715024e-12
8.8860500000e+03 1.0524623394e+00 1.0268715024e-12
8.8869000000e+03 1.0539500713e+00 1.0268715024e-12
8.8877500000e+03 1.0597215891e+00 1.0268715024e-12
8.8886000000e+03 1.0849567652e+00 1.0268715024e-12
8.8894500000e+03 1.0758693218e+00 1.0268715024e-12
8.8903000000e+03 1.0423603058e+00 1.0268715024e-12
8.8911500000e+03 1.0326571465e+00 1.0268715024e-12
8.8920000000e+03 1.0271636248e+00 1.0268715024e-12
8.8928500000e+03 1.0010855198e+00 1.0268715024e-12
8.8937000000e+03 1.0424979925e+00 1.0268715024e-12
8.8945500000e+03 1.0647575855e+00 1.0268715024e-12
8.8954000000e+03 1.0579502583e+00 1.0268715024e-12
8.8962500000e+03 1.0569158792e+00 1.0268715024e-12
8.8971000000e+03 1.0497186184e+00 1.0268715024e-12
8.8979500000e+03 1.0253565311e+00 1.0268715024e-12
8.8988000000e+03 1.0182684660e+00 1.0268715024e-12
8.8996500000e+03 1.0426679850e+00 1.0268715024e-12
8.9005000000e+03 1.0727264881e+00 1.0268715024e-12
8.9013500000e+03 1.0968743563e+00 1.0268715024e-12
8.9022000000e+03 1.0740232468e+00 1.0268715024e-12
8.9030500000e+03 1.0404733419e+00 1.0268715024e-12
8.9039000000e+03 1.0530760288e+00 1.0268715024e-12
8.9047500000e+03 1.0692678690e+00 1.0268715024e-12
8.9056000000e+03 1.0522207022e+00 1.0268715024e-12
8.9064500000e+03 1.0387500525e+00 1.0268715024e-12
8.9073000000e+03 1.0443234444e+00 1.0268715024e-12
8.9081500000e+03 1.0352703333e+00 1.0268715024e-12
8.9090000000e+03 1.0285815001e+00 1.0268715024e-12
8.9098500000e+03 1.0641049147e+00 1.0268715024e-12
8.9107000000e+03 1.0778594017e+00 1.0268715024e-12
8.9115500000e+03 1.0312739611e+00 1.0268715024e-12
8.9124000000e+03 9.8026978970e-01 1.0268715024e-12
8.9132500000e+03 1.0198849440e+00 1.0268715024e-12
8.9141000000e+03 1.0399791002e+00 1.0268715024e-12
8.9149500000e+03 1.0545880795e+00 1.0268715024e-12
8.9158000000e+03 1.0629812479e+00 1.0268715024e-12
8.9166500000e+03 1.0458682775e+00 1.0268715024e-12
8.9175000000e+03 1.0218969584e+00 1.0268715024e-12
8.9183500000e+03 1.0139602423e+00 1.0268715024e-12
8.9192000000e+03 1.0031313896e+00 1.0268715024e-12
8.9200500000e+03 9.6236449480e-01 1.0268715024e-12
8.9209000000e+03 1.0246673822e+00 1.0268715024e-12
8.9217500000e+03 1.0445587635e+00 1.0268715024e-12
8.9226000000e+03 1.0339931250e+00 1.0268715024e-12
8.9234500000e+03 9.9399924278e-01 1.0268715024e-12
8.9243000000e+03 1.0091577768e+00 1.0268715024e-12
8.9251500000e+03 9.9890553951e-01 1.0268715024e-12
8.9260000000e+03 1.0020188093e+00 1.0268715024e-12
8.9268500000e+03 9.9606931210e-01 1.0268715024e-12
8.9277000000e+03 9.9006414413e-01 1.0268715024e-12
8.9285500000e+03 1.0162339211e+00 1.0268715024e-12
8.9294000000e+03 9.7097814083e-01 1.0268715024e-12
8.9302500000e+03 9.7896713018e-01 1.0268715024e-12
8.9311000000e+03 9.9423885345e-01 1.0268715024e-12
8.9319500000e+03 1.0153138638e+00 1.0268715024e-12
8.9328000000e+03 1.0236525536e+00 1.0268715024e-12
8.9336500000e+03 1.0008490086e+00 1.0268715024e-12
8.9345000000e+03 9.7293108702e-01 1.0268715024e-12
8.9353500000e+03 1.0276868343e+00 1.0268715024e-12
8.9362000000e+03 1.0390087366e+00 1.0268715024e-12
8.9370500000e+03 1.0475909710e+00 1.0268715024e-12
8.9379000000e+03 1.0517075062e+00 1.0268715024e-12
8.9387500000e+03 1.0344429016e+00 1.0268715024e-12
8.9396000000e+03 9.9741101265e-01 1.0268715024e-12
8.9404500000e+03 9.5723736286e-01 1.0268715024e-12
8.9413000000e+03 1.0027376413e+00 1.0268715024e-12
8.9421500000e+03 9.8704034090e-01 1.0268715024e-12
8.9430000000e+03 9.4331628084e-01 1.0268715024e-12
8.9438500000e+03 9.6393495798e-01 1.0268715024e-12
8.9447000000e+03 9.9632954597e-01 1.0268715024e-12
8.9455500000e+03 9.4129437208e-01 1.0268715024e-12
8.9464000000e+03 9.0377086401e-01 1.0268715024e-12
8.9472500000e+03 9.0149110556e-01 1.0268715024e-12
8.9481000000e+03 9.4424688816e-01 1.0268715024e-12
8.9489500000e+03 9.4932603836e-01 1.0268715024e-12
8.9498000000e+03 9.8960125446e-01 1.0268715024e-12
8.9506500000e+03 9.9065750837e-01 1.0268715024e-12
8.9515000000e+03 9.9107962847e-01 1.0268715024e-12
8.9523500000e+03 9.5201438665e-01 1.0268715024e-12
8.9532000000e+03 1.0242211819e+00 1.0268715024e-12
8.9540500000e+03 9.3074595928e-01 1.0268715024e-12
8.9549000000e+03 8.2595306635e-01 1.0268715024e-12
8.9557500000e+03 9.1683220863e-01 1.0268715024e-12
8.9566000000e+03 1.0255465508e+00 1.0268715024e-12
8.9574500000e+03 1.0217796564e+00 1.0268715024e-12
8.9583000000e+03 9.9640464783e-01 1.0268715024e-12
8.9591500000e+03 9.9467831850e-01 1.0268715024e-12
8.9600000000e+03 9.9865853786e-01 1.0268715024e-12
8.9608500000e+03 9.8662513494e-01 1.0268715024e-12
8.9617000000e+03 9.4506710768e-01 1.0268715024e-12
8.9625500000e+03 8.2378655672e-01 1.0268715024e-12
8.9634000000e+03 8.3825922012e-01 1.0268715024e-12
8.9642500000e+03 9.3933826685e-01 1.0268715024e-12
8.9651000000e+03 9.2747914791e-01 1.0268715024e-12
8.9659500000e+03 7.8252083063e-01 1.0268715024e-12
8.9668000000e+03 8.4107655287e-01 1.0268715024e-12
8.9676500000e+03 9.4204944372e-01 1.0268715024e-12
8.9685000000e+03 9.6045368910e-01 1.0268715024e-12
8.9693500000e+03 9.9329954386e-01 1.0268715024e-12
8.9702000000e+03 9.5519852638e-01 1.0268715024e-12
8.9710500000e+03 8.4259217978e-01 1.0268715024e-12
8.9719000000e+03 7.7957975864e-01 1.0268715024e-12
8.9727500000e+03 9.2649918795e-01 1.0268715024e-12
8.9736000000e+03 9.2323082685e-01 1.0268715024e-12
8.9744500000e+03 8.7036782503e-01 1.0268715024e-12
8.9753000000e+03 8.1588333845e-01 1.0268715024e-12
8.9761500000e+03 8.7533271313e-01 1.0268715024e-12
8.9770000000e+03 9.4708245993e-01 1.0268715024e-12
8.9778500000e+03 9.9424374104e-01 1.0268715024e-12
8.9787000000e+03 9.9075585604e-01 1.0268715024e-12
8.9795500000e+03 9.4396370649e-01 1.0268715024e-12
8.9804000000e+03 8.3273893595e-01 1.0268715024e-12
8.9812500000e+03 7.9695934057e-01 1.0268715024e-12
8.9821000000e+03 1.0018023252e+00 1.0268715024e-12
8.9829500000e+03 1.0424360037e+00 1.0268715024e-12
8.9838000000e+03 9.8603051901e-01 1.0268715024e-12
8.9846500000e+03 9.4983518124e-01 1.0268715024e-12
8.9855000000e+03 9.2735046148e-01 1.0268715024e-12
8.9863500000e+03 7.9420173168e-01 1.0268715024e-12
8.9872000000e+03 6.4187937975e-01 1.0268715024e-12
8.9880500000e+03 6.5905129910e-01 1.0268715024e-12
8.9889000000e+03 7.5391876698e-01 1.0268715024e-12
8.9897500000e+03 8.0647128820e-01 1.0268715024e-12
8.9906000000e+03 7.5335097313e-01 1.0268715024e-12
8.9914500000e+03 6.1723244190e-01 1.0268715024e-12
8.9923000000e+03 6.8916565180e-01 1.0268715024e-12
8.9931500000e+03 8.6833518744e-01 1.0268715024e-12
8.9940000000e+03 9.7222822905e-01 1.0268715024e-12
8.9948500000e+03 9.9674463272e-01 1.0268715024e-12
8.9957000000e+03 9.9970614910e-01 1.0268715024e-12
8.9965500000e+03 1.0217758417e+00 1.0268715024e-12
8.9974000000e+03 1.0207720995e+00 1.0268715024e-12
8.9982500000e+03 1.0114895105e+00 1.0268715024e-12
8.9991000000e+03 9.1922974586e-01 1.0268715024e-12
8.9999500000e+03 6.7795401812e-01 1.0268715024e-12
9.0008000000e+03 6.3930165768e-01 1.0268715024e-12
9.0016500000e+03 8.7777757645e-01 1.0268715024e-12
9.0025000000e+03 9.7581481934e-01 1.0268715024e-12
9.0033500000e+03 8.6019551754e-01 1.0268715024e-12
9.0042000000e+03 7.8352504969e-01 1.0268715024e-12
9.0050500000e+03 9.1444563866e-01 1.0268715024e-12
9.0059000000e+03 1.0020486116e+00 1.0268715024e-12
9.0067500000e+03 8.8572013378e-01 1.0268715024e-12
9.0076000000e+03 7.7524167299e-01 1.0268715024e-12
9.0084500000e+03 8.2833248377e-01 1.0268715024e-12
9.0093000000e+03 8.8039183617e-01 1.0268715024e-12
9.0101500000e+03 8.7713450193e-01 1.0268715024e-12
9.0110000000e+03 8.6204743385e-01 1.0268715024e-12
9.0118500000e+03 7.4764943123e-01 1.0268715024e-12
9.0127000000e+03 8.0772620440e-01 1.0268715024e-12
9.0135500000e+03 9.3253707886e-01 1.0268715024e-12
9.0144000000e+03 9.3140095472e-01 1.0268715024e-12
9.0152500000e+03 9.3919771910e-01 1.0268715024e-12
9.0161000000e+03 8.0916541815e-01 1.0268715024e-12
9.0169500000e+03 5.7564687729e-01 1.0268715024e-12
9.0178000000e+03 7.8714030981e-01 1.0268715024e-12
9.0186500000e+03 9.7240996361e-01 1.0268715024e-12
9.0195000000e+03 1.0226320028e+00 1.0268715024e-12
