# CaT template converted from scan514.fits
# scan_id = scan514
# name = HD166229
# spectral_type = K2III
# template_category = k_giant
# wavelength_unit = Angstrom
# flux_unit = relative_flux_not_absolute
# flux_error_unit = relative_flux_not_absolute
# flux_note = Cenarro et al. 2001 did not obtain absolute fluxes; spectra are relatively flux calibrated.
# error_note = Original downloaded FITS files contain no per-pixel error extension.
# pseudo_error_note = flux_error column is tiny positive pseudo-error for fitter compatibility
# spectral_resolution_fwhm_A = 1.50 for most stars; some cluster stars from runs 5/6 may retain original FWHM.
# normalized_before_writing = False
# normalization_factor = 1.0000000000e+00
# OBJECT_header = HD166229
# BUNIT_header = MISSING
# CRVAL1 = 8348.85
# CDELT1 = 0.85
# NAXIS1 = 790
# columns: wavelength flux flux_error
8.3488500000e+03 9.1368263960e-01 1.0175963044e-12
8.3497000000e+03 9.5669305325e-01 1.0175963044e-12
8.3505500000e+03 1.0347464085e+00 1.0175963044e-12
8.3514000000e+03 1.0746374130e+00 1.0175963044e-12
8.3522500000e+03 1.0464894772e+00 1.0175963044e-12
8.3531000000e+03 1.0046497583e+00 1.0175963044e-12
8.3539500000e+03 9.7686129808e-01 1.0175963044e-12
8.3548000000e+03 9.9312049150e-01 1.0175963044e-12
8.3556500000e+03 1.0040477514e+00 1.0175963044e-12
8.3565000000e+03 9.8864316940e-01 1.0175963044e-12
8.3573500000e+03 9.7381377220e-01 1.0175963044e-12
8.3582000000e+03 9.8571312428e-01 1.0175963044e-12
8.3590500000e+03 1.0318361521e+00 1.0175963044e-12
8.3599000000e+03 1.0462566614e+00 1.0175963044e-12
8.3607500000e+03 1.0354852676e+00 1.0175963044e-12
8.3616000000e+03 1.0055490732e+00 1.0175963044e-12
8.3624500000e+03 9.8559194803e-01 1.0175963044e-12
8.3633000000e+03 9.6142953634e-01 1.0175963044e-12
8.3641500000e+03 9.7599607706e-01 1.0175963044e-12
8.3650000000e+03 9.9058574438e-01 1.0175963044e-12
8.3658500000e+03 1.0032874346e+00 1.0175963044e-12
8.3667000000e+03 1.0321326256e+00 1.0175963044e-12
8.3675500000e+03 1.0645078421e+00 1.0175963044e-12
8.3684000000e+03 1.0781306028e+00 1.0175963044e-12
8.3692500000e+03 1.0462878942e+00 1.0175963044e-12
8.3701000000e+03 1.0174628496e+00 1.0175963044e-12
8.3709500000e+03 1.0096272230e+00 1.0175963044e-12
8.3718000000e+03 1.0161727667e+00 1.0175963044e-12
8.3726500000e+03 1.0374282598e+00 1.0175963044e-12
8.3735000000e+03 1.0356254578e+00 1.0175963044e-12
8.3743500000e+03 1.0481836796e+00 1.0175963044e-12
8.3752000000e+03 1.0785090923e+00 1.0175963044e-12
8.3760500000e+03 1.0478159189e+00 1.0175963044e-12
8.3769000000e+03 9.7913736105e-01 1.0175963044e-12
8.3777500000e+03 9.6565902233e-01 1.0175963044e-12
8.3786000000e+03 1.0362144709e+00 1.0175963044e-12
8.3794500000e+03 1.1014589071e+00 1.0175963044e-12
8.3803000000e+03 1.1292653084e+00 1.0175963044e-12
8.3811500000e+03 1.1014275551e+00 1.0175963044e-12
8.3820000000e+03 9.7621500492e-01 1.0175963044e-12
8.3828500000e+03 8.8359117508e-01 1.0175963044e-12
8.3837000000e+03 9.3748164177e-01 1.0175963044e-12
8.3845500000e+03 1.0047452450e+00 1.0175963044e-12
8.3854000000e+03 1.0262303352e+00 1.0175963044e-12
8.3862500000e+03 9.9664330482e-01 1.0175963044e-12
8.3871000000e+03 9.2319178581e-01 1.0175963044e-12
8.3879500000e+03 8.7940633297e-01 1.0175963044e-12
8.3888000000e+03 9.5097750425e-01 1.0175963044e-12
8.3896500000e+03 1.0018242598e+00 1.0175963044e-12
8.3905000000e+03 1.0024243593e+00 1.0175963044e-12
8.3913500000e+03 1.0360594988e+00 1.0175963044e-12
8.3922000000e+03 1.0975438356e+00 1.0175963044e-12
8.3930500000e+03 1.1076093912e+00 1.0175963044e-12
8.3939000000e+03 1.0544122458e+00 1.0175963044e-12
8.3947500000e+03 1.0477006435e+00 1.0175963044e-12
8.3956000000e+03 1.0602182150e+00 1.0175963044e-12
8.3964500000e+03 9.9822628498e-01 1.0175963044e-12
8.3973000000e+03 9.8439818621e-01 1.0175963044e-12
8.3981500000e+03 1.0256417990e+00 1.0175963044e-12
8.3990000000e+03 1.0733132362e+00 1.0175963044e-12
8.3998500000e+03 1.0862157345e+00 1.0175963044e-12
8.4007000000e+03 1.0467119217e+00 1.0175963044e-12
8.4015500000e+03 1.0165069103e+00 1.0175963044e-12
8.4024000000e+03 1.0324032307e+00 1.0175963044e-12
8.4032500000e+03 1.0750184059e+00 1.0175963044e-12
8.4041000000e+03 1.0678089857e+00 1.0175963044e-12
8.4049500000e+03 1.0216900110e+00 1.0175963044e-12
8.4058000000e+03 1.0369859934e+00 1.0175963044e-12
8.4066500000e+03 1.0816069841e+00 1.0175963044e-12
8.4075000000e+03 1.0659071207e+00 1.0175963044e-12
8.4083500000e+03 1.0306740999e+00 1.0175963044e-12
8.4092000000e+03 1.0506383181e+00 1.0175963044e-12
8.4100500000e+03 1.0706707239e+00 1.0175963044e-12
8.4109000000e+03 1.0326323509e+00 1.0175963044e-12
8.4117500000e+03 9.6888124943e-01 1.0175963044e-12
8.4126000000e+03 9.7940158844e-01 1.0175963044e-12
8.4134500000e+03 1.0242226124e+00 1.0175963044e-12
8.4143000000e+03 1.0538585186e+00 1.0175963044e-12
8.4151500000e+03 1.0685781240e+00 1.0175963044e-12
8.4160000000e+03 1.0564994812e+00 1.0175963044e-12
8.4168500000e+03 1.0226780176e+00 1.0175963044e-12
8.4177000000e+03 1.0116894245e+00 1.0175963044e-12
8.4185500000e+03 1.0188040733e+00 1.0175963044e-12
8.4194000000e+03 1.0057680607e+00 1.0175963044e-12
8.4202500000e+03 1.0080268383e+00 1.0175963044e-12
8.4211000000e+03 1.0392618179e+00 1.0175963044e-12
8.4219500000e+03 1.0384732485e+00 1.0175963044e-12
8.4228000000e+03 1.0085633993e+00 1.0175963044e-12
8.4236500000e+03 1.0029417276e+00 1.0175963044e-12
8.4245000000e+03 1.0029914379e+00 1.0175963044e-12
8.4253500000e+03 9.6267801523e-01 1.0175963044e-12
8.4262000000e+03 8.9654666185e-01 1.0175963044e-12
8.4270500000e+03 9.2581260204e-01 1.0175963044e-12
8.4279000000e+03 1.0305032730e+00 1.0175963044e-12
8.4287500000e+03 1.0848350525e+00 1.0175963044e-12
8.4296000000e+03 1.0811803341e+00 1.0175963044e-12
8.4304500000e+03 1.0728534460e+00 1.0175963044e-12
8.4313000000e+03 1.0603854656e+00 1.0175963044e-12
8.4321500000e+03 1.0648421049e+00 1.0175963044e-12
8.4330000000e+03 1.0648826361e+00 1.0175963044e-12
8.4338500000e+03 9.9983799458e-01 1.0175963044e-12
8.4347000000e+03 8.6355090141e-01 1.0175963044e-12
8.4355500000e+03 8.6179286242e-01 1.0175963044e-12
8.4364000000e+03 9.6506404877e-01 1.0175963044e-12
8.4372500000e+03 1.0257648230e+00 1.0175963044e-12
8.4381000000e+03 1.0169260502e+00 1.0175963044e-12
8.4389500000e+03 9.5216530561e-01 1.0175963044e-12
8.4398000000e+03 9.3667346239e-01 1.0175963044e-12
8.4406500000e+03 9.7904431820e-01 1.0175963044e-12
8.4415000000e+03 1.0226099491e+00 1.0175963044e-12
8.4423500000e+03 1.0622274876e+00 1.0175963044e-12
8.4432000000e+03 1.0612623692e+00 1.0175963044e-12
8.4440500000e+03 1.0495237112e+00 1.0175963044e-12
8.4449000000e+03 1.0433628559e+00 1.0175963044e-12
8.4457500000e+03 9.9934524298e-01 1.0175963044e-12
8.4466000000e+03 9.9471998215e-01 1.0175963044e-12
8.4474500000e+03 1.0167422295e+00 1.0175963044e-12
8.4483000000e+03 1.0600132942e+00 1.0175963044e-12
8.4491500000e+03 1.0369979143e+00 1.0175963044e-12
8.4500000000e+03 9.8232942820e-01 1.0175963044e-12
8.4508500000e+03 1.0102534294e+00 1.0175963044e-12
8.4517000000e+03 1.0771411657e+00 1.0175963044e-12
8.4525500000e+03 1.1191049814e+00 1.0175963044e-12
8.4534000000e+03 1.1043720245e+00 1.0175963044e-12
8.4542500000e+03 1.0727263689e+00 1.0175963044e-12
8.4551000000e+03 1.0402326584e+00 1.0175963044e-12
8.4559500000e+03 1.0119537115e+00 1.0175963044e-12
8.4568000000e+03 1.0070431232e+00 1.0175963044e-12
8.4576500000e+03 1.0305684805e+00 1.0175963044e-12
8.4585000000e+03 1.0566833019e+00 1.0175963044e-12
8.4593500000e+03 1.0502721071e+00 1.0175963044e-12
8.4602000000e+03 1.0551468134e+00 1.0175963044e-12
8.4610500000e+03 1.0865169764e+00 1.0175963044e-12
8.4619000000e+03 1.1048135757e+00 1.0175963044e-12
8.4627500000e+03 1.0903339386e+00 1.0175963044e-12
8.4636000000e+03 1.0786781311e+00 1.0175963044e-12
8.4644500000e+03 1.0497769117e+00 1.0175963044e-12
8.4653000000e+03 9.9189215899e-01 1.0175963044e-12
8.4661500000e+03 9.7644436359e-01 1.0175963044e-12
8.4670000000e+03 9.9573248625e-01 1.0175963044e-12
8.4678500000e+03 9.5391595364e-01 1.0175963044e-12
8.4687000000e+03 9.4711804390e-01 1.0175963044e-12
8.4695500000e+03 1.0106862783e+00 1.0175963044e-12
8.4704000000e+03 1.0336264372e+00 1.0175963044e-12
8.4712500000e+03 1.0174021721e+00 1.0175963044e-12
8.4721000000e+03 1.0192530155e+00 1.0175963044e-12
8.4729500000e+03 1.0519924164e+00 1.0175963044e-12
8.4738000000e+03 1.0790696144e+00 1.0175963044e-12
8.4746500000e+03 1.0936093330e+00 1.0175963044e-12
8.4755000000e+03 1.0826426744e+00 1.0175963044e-12
8.4763500000e+03 1.0489062071e+00 1.0175963044e-12
8.4772000000e+03 1.0374304056e+00 1.0175963044e-12
8.4780500000e+03 1.0557700396e+00 1.0175963044e-12
8.4789000000e+03 1.0602687597e+00 1.0175963044e-12
8.4797500000e+03 1.0286779404e+00 1.0175963044e-12
8.4806000000e+03 1.0115635395e+00 1.0175963044e-12
8.4814500000e+03 1.0063289404e+00 1.0175963044e-12
8.4823000000e+03 1.0101649761e+00 1.0175963044e-12
8.4831500000e+03 1.0461657047e+00 1.0175963044e-12
8.4840000000e+03 1.0696587563e+00 1.0175963044e-12
8.4848500000e+03 1.0617188215e+00 1.0175963044e-12
8.4857000000e+03 1.0726739168e+00 1.0175963044e-12
8.4865500000e+03 1.0719093084e+00 1.0175963044e-12
8.4874000000e+03 1.0185894966e+00 1.0175963044e-12
8.4882500000e+03 1.0054835081e+00 1.0175963044e-12
8.4891000000e+03 1.0481753349e+00 1.0175963044e-12
8.4899500000e+03 1.0736355782e+00 1.0175963044e-12
8.4908000000e+03 1.0663236380e+00 1.0175963044e-12
8.4916500000e+03 1.0641232729e+00 1.0175963044e-12
8.4925000000e+03 1.0658422709e+00 1.0175963044e-12
8.4933500000e+03 1.0446542501e+00 1.0175963044e-12
8.4942000000e+03 1.0372362137e+00 1.0175963044e-12
8.4950500000e+03 1.0289274454e+00 1.0175963044e-12
8.4959000000e+03 9.4804745913e-01 1.0175963044e-12
8.4967500000e+03 7.9538154602e-01 1.0175963044e-12
8.4976000000e+03 6.0257726908e-01 1.0175963044e-12
8.4984500000e+03 6.4152514935e-01 1.0175963044e-12
8.4993000000e+03 8.3394300938e-01 1.0175963044e-12
8.5001500000e+03 9.6560341120e-01 1.0175963044e-12
8.5010000000e+03 9.9384129047e-01 1.0175963044e-12
8.5018500000e+03 9.6180087328e-01 1.0175963044e-12
8.5027000000e+03 9.6988517046e-01 1.0175963044e-12
8.5035500000e+03 9.9125379324e-01 1.0175963044e-12
8.5044000000e+03 9.8707848787e-01 1.0175963044e-12
8.5052500000e+03 1.0137363672e+00 1.0175963044e-12
8.5061000000e+03 1.0590788126e+00 1.0175963044e-12
8.5069500000e+03 1.0989948511e+00 1.0175963044e-12
8.5078000000e+03 1.1121890545e+00 1.0175963044e-12
8.5086500000e+03 1.1089969873e+00 1.0175963044e-12
8.5095000000e+03 1.0802133083e+00 1.0175963044e-12
8.5103500000e+03 1.0421537161e+00 1.0175963044e-12
8.5112000000e+03 1.0389095545e+00 1.0175963044e-12
8.5120500000e+03 1.0344996452e+00 1.0175963044e-12
8.5129000000e+03 1.0060333014e+00 1.0175963044e-12
8.5137500000e+03 9.2734503746e-01 1.0175963044e-12
8.5146000000e+03 8.9973396063e-01 1.0175963044e-12
8.5154500000e+03 9.6625274420e-01 1.0175963044e-12
8.5163000000e+03 1.0279378891e+00 1.0175963044e-12
8.5171500000e+03 1.0062059164e+00 1.0175963044e-12
8.5180000000e+03 9.6974909306e-01 1.0175963044e-12
8.5188500000e+03 9.8914635181e-01 1.0175963044e-12
8.5197000000e+03 1.0213594437e+00 1.0175963044e-12
8.5205500000e+03 1.0217074156e+00 1.0175963044e-12
8.5214000000e+03 1.0271323919e+00 1.0175963044e-12
8.5222500000e+03 1.0337271690e+00 1.0175963044e-12
8.5231000000e+03 1.0358588696e+00 1.0175963044e-12
8.5239500000e+03 1.0363203287e+00 1.0175963044e-12
8.5248000000e+03 1.0201768875e+00 1.0175963044e-12
8.5256500000e+03 9.9225765467e-01 1.0175963044e-12
8.5265000000e+03 9.8063272238e-01 1.0175963044e-12
8.5273500000e+03 1.0015647411e+00 1.0175963044e-12
8.5282000000e+03 1.0323612690e+00 1.0175963044e-12
8.5290500000e+03 1.0400390625e+00 1.0175963044e-12
8.5299000000e+03 1.0349586010e+00 1.0175963044e-12
8.5307500000e+03 1.0260102749e+00 1.0175963044e-12
8.5316000000e+03 1.0186051130e+00 1.0175963044e-12
8.5324500000e+03 1.0272519588e+00 1.0175963044e-12
8.5333000000e+03 1.0418691635e+00 1.0175963044e-12
8.5341500000e+03 1.0396584272e+00 1.0175963044e-12
8.5350000000e+03 1.0076286793e+00 1.0175963044e-12
8.5358500000e+03 9.6418333054e-01 1.0175963044e-12
8.5367000000e+03 9.2835634947e-01 1.0175963044e-12
8.5375500000e+03 8.8595986366e-01 1.0175963044e-12
8.5384000000e+03 8.4111684561e-01 1.0175963044e-12
8.5392500000e+03 7.9978466034e-01 1.0175963044e-12
8.5401000000e+03 7.0706903934e-01 1.0175963044e-12
8.5409500000e+03 5.4083615541e-01 1.0175963044e-12
8.5418000000e+03 3.9599576592e-01 1.0175963044e-12
8.5426500000e+03 4.4035083055e-01 1.0175963044e-12
8.5435000000e+03 6.2516659498e-01 1.0175963044e-12
8.5443500000e+03 7.8710794449e-01 1.0175963044e-12
8.5452000000e+03 8.7849593163e-01 1.0175963044e-12
8.5460500000e+03 9.1865408421e-01 1.0175963044e-12
8.5469000000e+03 9.2669218779e-01 1.0175963044e-12
8.5477500000e+03 9.1377311945e-01 1.0175963044e-12
8.5486000000e+03 9.2779457569e-01 1.0175963044e-12
8.5494500000e+03 9.6788561344e-01 1.0175963044e-12
8.5503000000e+03 9.8006862402e-01 1.0175963044e-12
8.5511500000e+03 1.0066540241e+00 1.0175963044e-12
8.5520000000e+03 1.0639432669e+00 1.0175963044e-12
8.5528500000e+03 1.0824489594e+00 1.0175963044e-12
8.5537000000e+03 1.0524518490e+00 1.0175963044e-12
8.5545500000e+03 1.0069572926e+00 1.0175963044e-12
8.5554000000e+03 9.6930217743e-01 1.0175963044e-12
8.5562500000e+03 9.6938419342e-01 1.0175963044e-12
8.5571000000e+03 1.0096703768e+00 1.0175963044e-12
8.5579500000e+03 1.0589433908e+00 1.0175963044e-12
8.5588000000e+03 1.0595117807e+00 1.0175963044e-12
8.5596500000e+03 1.0241236687e+00 1.0175963044e-12
8.5605000000e+03 1.0153108835e+00 1.0175963044e-12
8.5613500000e+03 1.0135878325e+00 1.0175963044e-12
8.5622000000e+03 1.0333234072e+00 1.0175963044e-12
8.5630500000e+03 1.0551085472e+00 1.0175963044e-12
8.5639000000e+03 1.0373240709e+00 1.0175963044e-12
8.5647500000e+03 1.0302523375e+00 1.0175963044e-12
8.5656000000e+03 1.0384083986e+00 1.0175963044e-12
8.5664500000e+03 1.0480700731e+00 1.0175963044e-12
8.5673000000e+03 1.0391541719e+00 1.0175963044e-12
8.5681500000e+03 1.0298609734e+00 1.0175963044e-12
8.5690000000e+03 1.0188406706e+00 1.0175963044e-12
8.5698500000e+03 1.0400708914e+00 1.0175963044e-12
8.5707000000e+03 1.0567978621e+00 1.0175963044e-12
8.5715500000e+03 1.0435696840e+00 1.0175963044e-12
8.5724000000e+03 1.0553393364e+00 1.0175963044e-12
8.5732500000e+03 1.0406113863e+00 1.0175963044e-12
8.5741000000e+03 1.0162526369e+00 1.0175963044e-12
8.5749500000e+03 1.0104656219e+00 1.0175963044e-12
8.5758000000e+03 1.0284355879e+00 1.0175963044e-12
8.5766500000e+03 1.0476046801e+00 1.0175963044e-12
8.5775000000e+03 1.0595544577e+00 1.0175963044e-12
8.5783500000e+03 1.0542609692e+00 1.0175963044e-12
8.5792000000e+03 1.0674517155e+00 1.0175963044e-12
8.5800500000e+03 1.0818464756e+00 1.0175963044e-12
8.5809000000e+03 1.0542138815e+00 1.0175963044e-12
8.5817500000e+03 9.6410179138e-01 1.0175963044e-12
8.5826000000e+03 9.4335061312e-01 1.0175963044e-12
8.5834500000e+03 1.0042208433e+00 1.0175963044e-12
8.5843000000e+03 1.0413323641e+00 1.0175963044e-12
8.5851500000e+03 1.0377625227e+00 1.0175963044e-12
8.5860000000e+03 1.0286163092e+00 1.0175963044e-12
8.5868500000e+03 1.0360984802e+00 1.0175963044e-12
8.5877000000e+03 1.0359990597e+00 1.0175963044e-12
8.5885500000e+03 1.0224174261e+00 1.0175963044e-12
8.5894000000e+03 1.0182211399e+00 1.0175963044e-12
8.5902500000e+03 1.0185600519e+00 1.0175963044e-12
8.5911000000e+03 1.0080293417e+00 1.0175963044e-12
8.5919500000e+03 1.0066947937e+00 1.0175963044e-12
8.5928000000e+03 1.0129274130e+00 1.0175963044e-12
8.5936500000e+03 1.0481245518e+00 1.0175963044e-12
8.5945000000e+03 1.0830736160e+00 1.0175963044e-12
8.5953500000e+03 1.0606921911e+00 1.0175963044e-12
8.5962000000e+03 1.0211415291e+00 1.0175963044e-12
8.5970500000e+03 1.0002503395e+00 1.0175963044e-12
8.5979000000e+03 9.9688702822e-01 1.0175963044e-12
8.5987500000e+03 1.0137683153e+00 1.0175963044e-12
8.5996000000e+03 1.0537568331e+00 1.0175963044e-12
8.6004500000e+03 1.0834282637e+00 1.0175963044e-12
8.6013000000e+03 1.0758925676e+00 1.0175963044e-12
8.6021500000e+03 1.0365570784e+00 1.0175963044e-12
8.6030000000e+03 1.0084317923e+00 1.0175963044e-12
8.6038500000e+03 1.0067311525e+00 1.0175963044e-12
8.6047000000e+03 1.0140801668e+00 1.0175963044e-12
8.6055500000e+03 1.0230422020e+00 1.0175963044e-12
8.6064000000e+03 1.0254505873e+00 1.0175963044e-12
8.6072500000e+03 1.0308197737e+00 1.0175963044e-12
8.6081000000e+03 1.0451974869e+00 1.0175963044e-12
8.6089500000e+03 1.0466561317e+00 1.0175963044e-12
8.6098000000e+03 1.0196282864e+00 1.0175963044e-12
8.6106500000e+03 9.7398102283e-01 1.0175963044e-12
8.6115000000e+03 9.5550048351e-01 1.0175963044e-12
8.6123500000e+03 9.9478191137e-01 1.0175963044e-12
8.6132000000e+03 1.0240083933e+00 1.0175963044e-12
8.6140500000e+03 1.0267918110e+00 1.0175963044e-12
8.6149000000e+03 1.0525372028e+00 1.0175963044e-12
8.6157500000e+03 1.0619289875e+00 1.0175963044e-12
8.6166000000e+03 1.0574220419e+00 1.0175963044e-12
8.6174500000e+03 1.0627244711e+00 1.0175963044e-12
8.6183000000e+03 1.0577645302e+00 1.0175963044e-12
8.6191500000e+03 1.0607349873e+00 1.0175963044e-12
8.6200000000e+03 1.0709407330e+00 1.0175963044e-12
8.6208500000e+03 1.0379537344e+00 1.0175963044e-12
8.6217000000e+03 9.9036419392e-01 1.0175963044e-12
8.6225500000e+03 9.9754136801e-01 1.0175963044e-12
8.6234000000e+03 1.0328301191e+00 1.0175963044e-12
8.6242500000e+03 1.0728541613e+00 1.0175963044e-12
8.6251000000e+03 1.0830948353e+00 1.0175963044e-12
8.6259500000e+03 1.0577989817e+00 1.0175963044e-12
8.6268000000e+03 1.0450114012e+00 1.0175963044e-12
8.6276500000e+03 1.0592991114e+00 1.0175963044e-12
8.6285000000e+03 1.0576951504e+00 1.0175963044e-12
8.6293500000e+03 1.0465019941e+00 1.0175963044e-12
8.6302000000e+03 1.0480430126e+00 1.0175963044e-12
8.6310500000e+03 1.0220420361e+00 1.0175963044e-12
8.6319000000e+03 1.0032180548e+00 1.0175963044e-12
8.6327500000e+03 1.0144386292e+00 1.0175963044e-12
8.6336000000e+03 1.0213518143e+00 1.0175963044e-12
8.6344500000e+03 1.0251753330e+00 1.0175963044e-12
8.6353000000e+03 1.0472795963e+00 1.0175963044e-12
8.6361500000e+03 1.0637913942e+00 1.0175963044e-12
8.6370000000e+03 1.0677293539e+00 1.0175963044e-12
8.6378500000e+03 1.0710841417e+00 1.0175963044e-12
8.6387000000e+03 1.0696967840e+00 1.0175963044e-12
8.6395500000e+03 1.0687437057e+00 1.0175963044e-12
8.6404000000e+03 1.0789376497e+00 1.0175963044e-12
8.6412500000e+03 1.0497748852e+00 1.0175963044e-12
8.6421000000e+03 1.0106898546e+00 1.0175963044e-12
8.6429500000e+03 1.0189670324e+00 1.0175963044e-12
8.6438000000e+03 1.0485225916e+00 1.0175963044e-12
8.6446500000e+03 1.0658935308e+00 1.0175963044e-12
8.6455000000e+03 1.0701078176e+00 1.0175963044e-12
8.6463500000e+03 1.0542765856e+00 1.0175963044e-12
8.6472000000e+03 1.0343714952e+00 1.0175963044e-12
8.6480500000e+03 9.7844463587e-01 1.0175963044e-12
8.6489000000e+03 9.4921374321e-01 1.0175963044e-12
8.6497500000e+03 9.8661917448e-01 1.0175963044e-12
8.6506000000e+03 1.0249840021e+00 1.0175963044e-12
8.6514500000e+03 1.0321841240e+00 1.0175963044e-12
8.6523000000e+03 1.0285245180e+00 1.0175963044e-12
8.6531500000e+03 1.0109697580e+00 1.0175963044e-12
8.6540000000e+03 9.7774386406e-01 1.0175963044e-12
8.6548500000e+03 9.9429279566e-01 1.0175963044e-12
8.6557000000e+03 1.0199296474e+00 1.0175963044e-12
8.6565500000e+03 1.0065686703e+00 1.0175963044e-12
8.6574000000e+03 9.7764557600e-01 1.0175963044e-12
8.6582500000e+03 9.5233619213e-01 1.0175963044e-12
8.6591000000e+03 9.0906608105e-01 1.0175963044e-12
8.6599500000e+03 8.3362144232e-01 1.0175963044e-12
8.6608000000e+03 6.7231529951e-01 1.0175963044e-12
8.6616500000e+03 4.5790103078e-01 1.0175963044e-12
8.6625000000e+03 4.4145441055e-01 1.0175963044e-12
8.6633500000e+03 6.1829572916e-01 1.0175963044e-12
8.6642000000e+03 7.9111599922e-01 1.0175963044e-12
8.6650500000e+03 8.7841212749e-01 1.0175963044e-12
8.6659000000e+03 9.2814588547e-01 1.0175963044e-12
8.6667500000e+03 9.6732997894e-01 1.0175963044e-12
8.6676000000e+03 9.7980111837e-01 1.0175963044e-12
8.6684500000e+03 9.7512674332e-01 1.0175963044e-12
8.6693000000e+03 9.9934369326e-01 1.0175963044e-12
8.6701500000e+03 1.0072849989e+00 1.0175963044e-12
8.6710000000e+03 9.8111563921e-01 1.0175963044e-12
8.6718500000e+03 9.6038001776e-01 1.0175963044e-12
8.6727000000e+03 9.7962927818e-01 1.0175963044e-12
8.6735500000e+03 9.6928125620e-01 1.0175963044e-12
8.6744000000e+03 8.8867741823e-01 1.0175963044e-12
8.6752500000e+03 8.9539164305e-01 1.0175963044e-12
8.6761000000e+03 9.9347895384e-01 1.0175963044e-12
8.6769500000e+03 1.0430893898e+00 1.0175963044e-12
8.6778000000e+03 1.0388191938e+00 1.0175963044e-12
8.6786500000e+03 1.0062201023e+00 1.0175963044e-12
8.6795000000e+03 9.6710711718e-01 1.0175963044e-12
8.6803500000e+03 9.6812140942e-01 1.0175963044e-12
8.6812000000e+03 9.9197959900e-01 1.0175963044e-12
8.6820500000e+03 9.8392814398e-01 1.0175963044e-12
8.6829000000e+03 9.6651375294e-01 1.0175963044e-12
8.6837500000e+03 1.0047774315e+00 1.0175963044e-12
8.6846000000e+03 1.0589159727e+00 1.0175963044e-12
8.6854500000e+03 1.0521080494e+00 1.0175963044e-12
8.6863000000e+03 1.0067398548e+00 1.0175963044e-12
8.6871500000e+03 9.5912504196e-01 1.0175963044e-12
8.6880000000e+03 8.4142285585e-01 1.0175963044e-12
8.6888500000e+03 8.3073943853e-01 1.0175963044e-12
8.6897000000e+03 9.2788338661e-01 1.0175963044e-12
8.6905500000e+03 1.0112349987e+00 1.0175963044e-12
8.6914000000e+03 1.0306545496e+00 1.0175963044e-12
8.6922500000e+03 1.0176267624e+00 1.0175963044e-12
8.6931000000e+03 1.0240637064e+00 1.0175963044e-12
8.6939500000e+03 1.0276963711e+00 1.0175963044e-12
8.6948000000e+03 1.0297528505e+00 1.0175963044e-12
8.6956500000e+03 1.0460383892e+00 1.0175963044e-12
8.6965000000e+03 1.0490671396e+00 1.0175963044e-12
8.6973500000e+03 1.0443607569e+00 1.0175963044e-12
8.6982000000e+03 9.9739187956e-01 1.0175963044e-12
8.6990500000e+03 9.6418827772e-01 1.0175963044e-12
8.6999000000e+03 9.9372565746e-01 1.0175963044e-12
8.7007500000e+03 1.0075614452e+00 1.0175963044e-12
8.7016000000e+03 1.0080337524e+00 1.0175963044e-12
8.7024500000e+03 9.9908375740e-01 1.0175963044e-12
8.7033000000e+03 9.8508208990e-01 1.0175963044e-12
8.7041500000e+03 1.0135216713e+00 1.0175963044e-12
8.7050000000e+03 1.0427123308e+00 1.0175963044e-12
8.7058500000e+03 1.0419050455e+00 1.0175963044e-12
8.7067000000e+03 1.0162401199e+00 1.0175963044e-12
8.7075500000e+03 1.0169132948e+00 1.0175963044e-12
8.7084000000e+03 1.0203117132e+00 1.0175963044e-12
8.7092500000e+03 9.8956835270e-01 1.0175963044e-12
8.7101000000e+03 9.5708578825e-01 1.0175963044e-12
8.7109500000e+03 9.8763054609e-01 1.0175963044e-12
8.7118000000e+03 9.8959833384e-01 1.0175963044e-12
8.7126500000e+03 9.4302195311e-01 1.0175963044e-12
8.7135000000e+03 9.5997405052e-01 1.0175963044e-12
8.7143500000e+03 1.0217707157e+00 1.0175963044e-12
8.7152000000e+03 1.0589607954e+00 1.0175963044e-12
8.7160500000e+03 1.0457738638e+00 1.0175963044e-12
8.7169000000e+03 1.0095790625e+00 1.0175963044e-12
8.7177500000e+03 9.8216533661e-01 1.0175963044e-12
8.7186000000e+03 9.9926942587e-01 1.0175963044e-12
8.7194500000e+03 1.0316058397e+00 1.0175963044e-12
8.7203000000e+03 1.0343425274e+00 1.0175963044e-12
8.7211500000e+03 1.0394523144e+00 1.0175963044e-12
8.7220000000e+03 1.0431671143e+00 1.0175963044e-12
8.7228500000e+03 1.0399940014e+00 1.0175963044e-12
8.7237000000e+03 1.0070968866e+00 1.0175963044e-12
8.7245500000e+03 9.9804359674e-01 1.0175963044e-12
8.7254000000e+03 1.0302003622e+00 1.0175963044e-12
8.7262500000e+03 1.0552803278e+00 1.0175963044e-12
8.7271000000e+03 1.0363833904e+00 1.0175963044e-12
8.7279500000e+03 9.8632210493e-01 1.0175963044e-12
8.7288000000e+03 9.5791959763e-01 1.0175963044e-12
8.7296500000e+03 9.8081034422e-01 1.0175963044e-12
8.7305000000e+03 1.0092551708e+00 1.0175963044e-12
8.7313500000e+03 1.0391029119e+00 1.0175963044e-12
8.7322000000e+03 1.0531394482e+00 1.0175963044e-12
8.7330500000e+03 1.0506111383e+00 1.0175963044e-12
8.7339000000e+03 1.0259122849e+00 1.0175963044e-12
8.7347500000e+03 9.9829643965e-01 1.0175963044e-12
8.7356000000e+03 9.5593506098e-01 1.0175963044e-12
8.7364500000e+03 9.5508766174e-01 1.0175963044e-12
8.7373000000e+03 9.9679374695e-01 1.0175963044e-12
8.7381500000e+03 1.0318711996e+00 1.0175963044e-12
8.7390000000e+03 1.0557737350e+00 1.0175963044e-12
8.7398500000e+03 1.0435961485e+00 1.0175963044e-12
8.7407000000e+03 1.0040780306e+00 1.0175963044e-12
8.7415500000e+03 9.8625576496e-01 1.0175963044e-12
8.7424000000e+03 1.0062495470e+00 1.0175963044e-12
8.7432500000e+03 1.0256375074e+00 1.0175963044e-12
8.7441000000e+03 1.0296344757e+00 1.0175963044e-12
8.7449500000e+03 1.0289916992e+00 1.0175963044e-12
8.7458000000e+03 1.0386883020e+00 1.0175963044e-12
8.7466500000e+03 1.0199242830e+00 1.0175963044e-12
8.7475000000e+03 1.0097333193e+00 1.0175963044e-12
8.7483500000e+03 1.0300965309e+00 1.0175963044e-12
8.7492000000e+03 1.0456101894e+00 1.0175963044e-12
8.7500500000e+03 1.0297037363e+00 1.0175963044e-12
8.7509000000e+03 9.8581039906e-01 1.0175963044e-12
8.7517500000e+03 9.5907598734e-01 1.0175963044e-12
8.7526000000e+03 9.7929853201e-01 1.0175963044e-12
8.7534500000e+03 1.0225774050e+00 1.0175963044e-12
8.7543000000e+03 1.0512279272e+00 1.0175963044e-12
8.7551500000e+03 1.0559357405e+00 1.0175963044e-12
8.7560000000e+03 1.0291882753e+00 1.0175963044e-12
8.7568500000e+03 9.7864383459e-01 1.0175963044e-12
8.7577000000e+03 9.9668300152e-01 1.0175963044e-12
8.7585500000e+03 1.0499823093e+00 1.0175963044e-12
8.7594000000e+03 1.0638003349e+00 1.0175963044e-12
8.7602500000e+03 1.0663838387e+00 1.0175963044e-12
8.7611000000e+03 1.0655443668e+00 1.0175963044e-12
8.7619500000e+03 1.0625798702e+00 1.0175963044e-12
8.7628000000e+03 1.0400552750e+00 1.0175963044e-12
8.7636500000e+03 9.9069690704e-01 1.0175963044e-12
8.7645000000e+03 9.8832821846e-01 1.0175963044e-12
8.7653500000e+03 1.0158383846e+00 1.0175963044e-12
8.7662000000e+03 9.9709981680e-01 1.0175963044e-12
8.7670500000e+03 9.8816579580e-01 1.0175963044e-12
8.7679000000e+03 1.0312776566e+00 1.0175963044e-12
8.7687500000e+03 1.0653753281e+00 1.0175963044e-12
8.7696000000e+03 1.0520070791e+00 1.0175963044e-12
8.7704500000e+03 1.0259928703e+00 1.0175963044e-12
8.7713000000e+03 1.0199878216e+00 1.0175963044e-12
8.7721500000e+03 9.8836290836e-01 1.0175963044e-12
8.7730000000e+03 9.3849003315e-01 1.0175963044e-12
8.7738500000e+03 9.5047080517e-01 1.0175963044e-12
8.7747000000e+03 1.0040692091e+00 1.0175963044e-12
8.7755500000e+03 1.0404322147e+00 1.0175963044e-12
8.7764000000e+03 1.0569863319e+00 1.0175963044e-12
8.7772500000e+03 1.0528485775e+00 1.0175963044e-12
8.7781000000e+03 1.0197131634e+00 1.0175963044e-12
8.7789500000e+03 1.0099259615e+00 1.0175963044e-12
8.7798000000e+03 1.0276328325e+00 1.0175963044e-12
8.7806500000e+03 1.0403769016e+00 1.0175963044e-12
8.7815000000e+03 1.0475171804e+00 1.0175963044e-12
8.7823500000e+03 1.0524668694e+00 1.0175963044e-12
8.7832000000e+03 1.0419020653e+00 1.0175963044e-12
8.7840500000e+03 1.0112446547e+00 1.0175963044e-12
8.7849000000e+03 1.0152128935e+00 1.0175963044e-12
8.7857500000e+03 1.0483666658e+00 1.0175963044e-12
8.7866000000e+03 1.0620038509e+00 1.0175963044e-12
8.7874500000e+03 1.0610723495e+00 1.0175963044e-12
8.7883000000e+03 1.0524282455e+00 1.0175963044e-12
8.7891500000e+03 1.0165657997e+00 1.0175963044e-12
8.7900000000e+03 9.6728265285e-01 1.0175963044e-12
8.7908500000e+03 9.9349784851e-01 1.0175963044e-12
8.7917000000e+03 1.0451221466e+00 1.0175963044e-12
8.7925500000e+03 9.9654352665e-01 1.0175963044e-12
8.7934000000e+03 9.6408528090e-01 1.0175963044e-12
8.7942500000e+03 1.0158164501e+00 1.0175963044e-12
8.7951000000e+03 1.0488977432e+00 1.0175963044e-12
8.7959500000e+03 1.0182204247e+00 1.0175963044e-12
8.7968000000e+03 1.0056315660e+00 1.0175963044e-12
8.7976500000e+03 1.0256831646e+00 1.0175963044e-12
8.7985000000e+03 1.0422264338e+00 1.0175963044e-12
8.7993500000e+03 1.0497944355e+00 1.0175963044e-12
8.8002000000e+03 1.0482633114e+00 1.0175963044e-12
8.8010500000e+03 1.0334093571e+00 1.0175963044e-12
8.8019000000e+03 1.0315181017e+00 1.0175963044e-12
8.8027500000e+03 1.0253640413e+00 1.0175963044e-12
8.8036000000e+03 9.8980629444e-01 1.0175963044e-12
8.8044500000e+03 9.4933378696e-01 1.0175963044e-12
8.8053000000e+03 9.0985316038e-01 1.0175963044e-12
8.8061500000e+03 7.8759914637e-01 1.0175963044e-12
8.8070000000e+03 7.5449222326e-01 1.0175963044e-12
8.8078500000e+03 8.6380630732e-01 1.0175963044e-12
8.8087000000e+03 9.5614188910e-01 1.0175963044e-12
8.8095500000e+03 1.0081902742e+00 1.0175963044e-12
8.8104000000e+03 1.0456246138e+00 1.0175963044e-12
8.8112500000e+03 1.0565087795e+00 1.0175963044e-12
8.8121000000e+03 1.0369977951e+00 1.0175963044e-12
8.8129500000e+03 1.0191715956e+00 1.0175963044e-12
8.8138000000e+03 1.0261710882e+00 1.0175963044e-12
8.8146500000e+03 1.0439363718e+00 1.0175963044e-12
8.8155000000e+03 1.0439430475e+00 1.0175963044e-12
8.8163500000e+03 1.0295443535e+00 1.0175963044e-12
8.8172000000e+03 1.0304173231e+00 1.0175963044e-12
8.8180500000e+03 1.0342164040e+00 1.0175963044e-12
8.8189000000e+03 1.0125825405e+00 1.0175963044e-12
8.8197500000e+03 1.0073106289e+00 1.0175963044e-12
8.8206000000e+03 1.0114587545e+00 1.0175963044e-12
8.8214500000e+03 1.0077738762e+00 1.0175963044e-12
8.8223000000e+03 9.9212753773e-01 1.0175963044e-12
8.8231500000e+03 9.4115561247e-01 1.0175963044e-12
8.8240000000e+03 8.8831013441e-01 1.0175963044e-12
8.8248500000e+03 9.3434453011e-01 1.0175963044e-12
8.8257000000e+03 1.0177111626e+00 1.0175963044e-12
8.8265500000e+03 1.0503327847e+00 1.0175963044e-12
8.8274000000e+03 1.0342139006e+00 1.0175963044e-12
8.8282500000e+03 1.0223215818e+00 1.0175963044e-12
8.8291000000e+03 1.0373234749e+00 1.0175963044e-12
8.8299500000e+03 1.0522969961e+00 1.0175963044e-12
8.8308000000e+03 1.0523599386e+00 1.0175963044e-12
8.8316500000e+03 1.0508087873e+00 1.0175963044e-12
8.8325000000e+03 1.0354813337e+00 1.0175963044e-12
8.8333500000e+03 1.0201299191e+00 1.0175963044e-12
8.8342000000e+03 1.0291500092e+00 1.0175963044e-12
8.8350500000e+03 1.0224231482e+00 1.0175963044e-12
8.8359000000e+03 9.9354684353e-01 1.0175963044e-12
8.8367500000e+03 9.8681467772e-01 1.0175963044e-12
8.8376000000e+03 9.5749837160e-01 1.0175963044e-12
8.8384500000e+03 9.6030598879e-01 1.0175963044e-12
8.8393000000e+03 1.0103223324e+00 1.0175963044e-12
8.8401500000e+03 1.0374184847e+00 1.0175963044e-12
8.8410000000e+03 1.0292491913e+00 1.0175963044e-12
8.8418500000e+03 1.0176275969e+00 1.0175963044e-12
8.8427000000e+03 1.0158542395e+00 1.0175963044e-12
8.8435500000e+03 1.0342521667e+00 1.0175963044e-12
8.8444000000e+03 1.0444701910e+00 1.0175963044e-12
8.8452500000e+03 1.0371006727e+00 1.0175963044e-12
8.8461000000e+03 1.0144001245e+00 1.0175963044e-12
8.8469500000e+03 1.0196362734e+00 1.0175963044e-12
8.8478000000e+03 1.0487480164e+00 1.0175963044e-12
8.8486500000e+03 1.0507893562e+00 1.0175963044e-12
8.8495000000e+03 1.0436971188e+00 1.0175963044e-12
8.8503500000e+03 1.0504364967e+00 1.0175963044e-12
8.8512000000e+03 1.0417997837e+00 1.0175963044e-12
8.8520500000e+03 1.0359852314e+00 1.0175963044e-12
8.8529000000e+03 1.0361783504e+00 1.0175963044e-12
8.8537500000e+03 1.0343592167e+00 1.0175963044e-12
8.8546000000e+03 1.0364474058e+00 1.0175963044e-12
8.8554500000e+03 1.0436874628e+00 1.0175963044e-12
8.8563000000e+03 1.0607160330e+00 1.0175963044e-12
8.8571500000e+03 1.0574370623e+00 1.0175963044e-12
8.8580000000e+03 1.0400073528e+00 1.0175963044e-12
8.8588500000e+03 1.0266019106e+00 1.0175963044e-12
8.8597000000e+03 1.0274058580e+00 1.0175963044e-12
8.8605500000e+03 1.0304898024e+00 1.0175963044e-12
8.8614000000e+03 1.0024243593e+00 1.0175963044e-12
8.8622500000e+03 9.6712768078e-01 1.0175963044e-12
8.8631000000e+03 9.6894222498e-01 1.0175963044e-12
8.8639500000e+03 1.0098698139e+00 1.0175963044e-12
8.8648000000e+03 1.0361018181e+00 1.0175963044e-12
8.8656500000e+03 1.0105808973e+00 1.0175963044e-12
8.8665000000e+03 9.4519013166e-01 1.0175963044e-12
8.8673500000e+03 9.5063298941e-01 1.0175963044e-12
8.8682000000e+03 9.6814405918e-01 1.0175963044e-12
8.8690500000e+03 1.0181132555e+00 1.0175963044e-12
8.8699000000e+03 1.0498508215e+00 1.0175963044e-12
8.8707500000e+03 1.0622437000e+00 1.0175963044e-12
8.8716000000e+03 1.0588970184e+00 1.0175963044e-12
8.8724500000e+03 1.0545893908e+00 1.0175963044e-12
8.8733000000e+03 1.0439885855e+00 1.0175963044e-12
8.8741500000e+03 1.0322394371e+00 1.0175963044e-12
8.8750000000e+03 1.0135433674e+00 1.0175963044e-12
8.8758500000e+03 9.9236613512e-01 1.0175963044e-12
8.8767000000e+03 1.0047492981e+00 1.0175963044e-12
8.8775500000e+03 1.0073467493e+00 1.0175963044e-12
8.8784000000e+03 9.7357940674e-01 1.0175963044e-12
8.8792500000e+03 9.7581803799e-01 1.0175963044e-12
8.8801000000e+03 1.0210535526e+00 1.0175963044e-12
8.8809500000e+03 1.0344493389e+00 1.0175963044e-12
8.8818000000e+03 1.0329370499e+00 1.0175963044e-12
8.8826500000e+03 1.0237803459e+00 1.0175963044e-12
8.8835000000e+03 1.0009400845e+00 1.0175963044e-12
8.8843500000e+03 1.0046511889e+00 1.0175963044e-12
8.8852000000e+03 1.0322548151e+00 1.0175963044e-12
8.8860500000e+03 1.0413758755e+00 1.0175963044e-12
8.8869000000e+03 1.0358949900e+00 1.0175963044e-12
8.8877500000e+03 1.0462918282e+00 1.0175963044e-12
8.8886000000e+03 1.0504856110e+00 1.0175963044e-12
8.8894500000e+03 1.0475590229e+00 1.0175963044e-12
8.8903000000e+03 1.0417579412e+00 1.0175963044e-12
8.8911500000e+03 1.0113418102e+00 1.0175963044e-12
8.8920000000e+03 9.9828791618e-01 1.0175963044e-12
8.8928500000e+03 1.0084296465e+00 1.0175963044e-12
8.8937000000e+03 1.0186891556e+00 1.0175963044e-12
8.8945500000e+03 1.0264773369e+00 1.0175963044e-12
8.8954000000e+03 1.0406886339e+00 1.0175963044e-12
8.8962500000e+03 1.0303556919e+00 1.0175963044e-12
8.8971000000e+03 1.0200879574e+00 1.0175963044e-12
8.8979500000e+03 1.0255265236e+00 1.0175963044e-12
8.8988000000e+03 1.0294095278e+00 1.0175963044e-12
8.8996500000e+03 1.0296818018e+00 1.0175963044e-12
8.9005000000e+03 1.0443851948e+00 1.0175963044e-12
8.9013500000e+03 1.0677632093e+00 1.0175963044e-12
8.9022000000e+03 1.0569837093e+00 1.0175963044e-12
8.9030500000e+03 1.0393246412e+00 1.0175963044e-12
8.9039000000e+03 1.0293079615e+00 1.0175963044e-12
8.9047500000e+03 1.0472235680e+00 1.0175963044e-12
8.9056000000e+03 1.0419422388e+00 1.0175963044e-12
8.9064500000e+03 1.0507563353e+00 1.0175963044e-12
8.9073000000e+03 1.0567849874e+00 1.0175963044e-12
8.9081500000e+03 1.0395476818e+00 1.0175963044e-12
8.9090000000e+03 1.0280307531e+00 1.0175963044e-12
8.9098500000e+03 1.0447304249e+00 1.0175963044e-12
8.9107000000e+03 1.0525593758e+00 1.0175963044e-12
8.9115500000e+03 1.0429834127e+00 1.0175963044e-12
8.9124000000e+03 1.0389977694e+00 1.0175963044e-12
8.9132500000e+03 1.0444570780e+00 1.0175963044e-12
8.9141000000e+03 1.0380611420e+00 1.0175963044e-12
8.9149500000e+03 1.0252134800e+00 1.0175963044e-12
8.9158000000e+03 1.0189183950e+00 1.0175963044e-12
8.9166500000e+03 1.0080392361e+00 1.0175963044e-12
8.9175000000e+03 1.0011955500e+00 1.0175963044e-12
8.9183500000e+03 9.9396550655e-01 1.0175963044e-12
8.9192000000e+03 9.7530514002e-01 1.0175963044e-12
8.9200500000e+03 9.6138846874e-01 1.0175963044e-12
8.9209000000e+03 1.0094869137e+00 1.0175963044e-12
8.9217500000e+03 1.0436229706e+00 1.0175963044e-12
8.9226000000e+03 1.0175658464e+00 1.0175963044e-12
8.9234500000e+03 9.9153035879e-01 1.0175963044e-12
8.9243000000e+03 1.0121836662e+00 1.0175963044e-12
8.9251500000e+03 1.0042294264e+00 1.0175963044e-12
8.9260000000e+03 9.9248558283e-01 1.0175963044e-12
8.9268500000e+03 9.9695265293e-01 1.0175963044e-12
8.9277000000e+03 1.0036187172e+00 1.0175963044e-12
8.9285500000e+03 9.7487580776e-01 1.0175963044e-12
8.9294000000e+03 9.4258761406e-01 1.0175963044e-12
8.9302500000e+03 9.5565813780e-01 1.0175963044e-12
8.9311000000e+03 9.7329193354e-01 1.0175963044e-12
8.9319500000e+03 9.6325153112e-01 1.0175963044e-12
8.9328000000e+03 9.6180790663e-01 1.0175963044e-12
8.9336500000e+03 9.5016723871e-01 1.0175963044e-12
8.9345000000e+03 9.5308125019e-01 1.0175963044e-12
8.9353500000e+03 1.0073648691e+00 1.0175963044e-12
8.9362000000e+03 1.0489175320e+00 1.0175963044e-12
8.9370500000e+03 1.0569181442e+00 1.0175963044e-12
8.9379000000e+03 1.0567462444e+00 1.0175963044e-12
8.9387500000e+03 1.0543297529e+00 1.0175963044e-12
8.9396000000e+03 1.0062136650e+00 1.0175963044e-12
8.9404500000e+03 9.6655273438e-01 1.0175963044e-12
8.9413000000e+03 9.8830604553e-01 1.0175963044e-12
8.9421500000e+03 9.7451740503e-01 1.0175963044e-12
8.9430000000e+03 9.5457428694e-01 1.0175963044e-12
8.9438500000e+03 9.8092389107e-01 1.0175963044e-12
8.9447000000e+03 9.7674727440e-01 1.0175963044e-12
8.9455500000e+03 9.1411447525e-01 1.0175963044e-12
8.9464000000e+03 8.5338670015e-01 1.0175963044e-12
8.9472500000e+03 8.7522822618e-01 1.0175963044e-12
8.9481000000e+03 9.2245966196e-01 1.0175963044e-12
8.9489500000e+03 9.4873398542e-01 1.0175963044e-12
8.9498000000e+03 9.8569685221e-01 1.0175963044e-12
8.9506500000e+03 9.9852335453e-01 1.0175963044e-12
8.9515000000e+03 9.5500701666e-01 1.0175963044e-12
8.9523500000e+03 9.2868429422e-01 1.0175963044e-12
8.9532000000e+03 9.4689941406e-01 1.0175963044e-12
8.9540500000e+03 8.6914616823e-01 1.0175963044e-12
8.9549000000e+03 7.9599469900e-01 1.0175963044e-12
8.9557500000e+03 8.7653368711e-01 1.0175963044e-12
8.9566000000e+03 9.8311948776e-01 1.0175963044e-12
8.9574500000e+03 9.9944347143e-01 1.0175963044e-12
8.9583000000e+03 9.7206825018e-01 1.0175963044e-12
8.9591500000e+03 9.6845656633e-01 1.0175963044e-12
8.9600000000e+03 9.9103027582e-01 1.0175963044e-12
8.9608500000e+03 9.8575198650e-01 1.0175963044e-12
8.9617000000e+03 8.8593339920e-01 1.0175963044e-12
8.9625500000e+03 7.7157253027e-01 1.0175963044e-12
8.9634000000e+03 7.8747785091e-01 1.0175963044e-12
8.9642500000e+03 8.7668555975e-01 1.0175963044e-12
8.9651000000e+03 8.2424086332e-01 1.0175963044e-12
8.9659500000e+03 7.4618810415e-01 1.0175963044e-12
8.9668000000e+03 8.1724017859e-01 1.0175963044e-12
8.9676500000e+03 9.2726761103e-01 1.0175963044e-12
8.9685000000e+03 9.6893090010e-01 1.0175963044e-12
8.9693500000e+03 9.7653561831e-01 1.0175963044e-12
8.9702000000e+03 9.4498711824e-01 1.0175963044e-12
8.9710500000e+03 7.7596324682e-01 1.0175963044e-12
8.9719000000e+03 7.4022430182e-01 1.0175963044e-12
8.9727500000e+03 8.5387432575e-01 1.0175963044e-12
8.9736000000e+03 8.8664215803e-01 1.0175963044e-12
8.9744500000e+03 7.9926025867e-01 1.0175963044e-12
8.9753000000e+03 8.0704826117e-01 1.0175963044e-12
8.9761500000e+03 8.7018048763e-01 1.0175963044e-12
8.9770000000e+03 9.4066685438e-01 1.0175963044e-12
8.9778500000e+03 9.8844712973e-01 1.0175963044e-12
8.9787000000e+03 9.8852843046e-01 1.0175963044e-12
8.9795500000e+03 9.2036300898e-01 1.0175963044e-12
8.9804000000e+03 7.6516813040e-01 1.0175963044e-12
8.9812500000e+03 8.0425322056e-01 1.0175963044e-12
8.9821000000e+03 9.5722508430e-01 1.0175963044e-12
8.9829500000e+03 1.0370852947e+00 1.0175963044e-12
8.9838000000e+03 1.0298856497e+00 1.0175963044e-12
8.9846500000e+03 9.9284136295e-01 1.0175963044e-12
8.9855000000e+03 9.3925869465e-01 1.0175963044e-12
8.9863500000e+03 7.5290203094e-01 1.0175963044e-12
8.9872000000e+03 5.7341533899e-01 1.0175963044e-12
8.9880500000e+03 5.8557283878e-01 1.0175963044e-12
8.9889000000e+03 6.5286850929e-01 1.0175963044e-12
8.9897500000e+03 7.2793275118e-01 1.0175963044e-12
8.9906000000e+03 6.4028954506e-01 1.0175963044e-12
8.9914500000e+03 5.0797796249e-01 1.0175963044e-12
8.9923000000e+03 6.2179726362e-01 1.0175963044e-12
8.9931500000e+03 8.3904725313e-01 1.0175963044e-12
8.9940000000e+03 9.6567195654e-01 1.0175963044e-12
8.9948500000e+03 1.0134590864e+00 1.0175963044e-12
8.9957000000e+03 1.0203500986e+00 1.0175963044e-12
8.9965500000e+03 1.0171759129e+00 1.0175963044e-12
8.9974000000e+03 1.0176347494e+00 1.0175963044e-12
8.9982500000e+03 9.9433338642e-01 1.0175963044e-12
8.9991000000e+03 8.4808874130e-01 1.0175963044e-12
8.9999500000e+03 6.4130038023e-01 1.0175963044e-12
9.0008000000e+03 6.4056742191e-01 1.0175963044e-12
9.0016500000e+03 8.6296099424e-01 1.0175963044e-12
9.0025000000e+03 9.4567996264e-01 1.0175963044e-12
9.0033500000e+03 8.0737632513e-01 1.0175963044e-12
9.0042000000e+03 7.5932252407e-01 1.0175963044e-12
9.0050500000e+03 8.9967000484e-01 1.0175963044e-12
9.0059000000e+03 9.5508474112e-01 1.0175963044e-12
9.0067500000e+03 8.2260757685e-01 1.0175963044e-12
9.0076000000e+03 7.2305220366e-01 1.0175963044e-12
9.0084500000e+03 7.7523046732e-01 1.0175963044e-12
9.0093000000e+03 8.2655316591e-01 1.0175963044e-12
9.0101500000e+03 8.5687589645e-01 1.0175963044e-12
9.0110000000e+03 8.3463680744e-01 1.0175963044e-12
9.0118500000e+03 7.6106536388e-01 1.0175963044e-12
9.0127000000e+03 8.2615882158e-01 1.0175963044e-12
9.0135500000e+03 8.9909565449e-01 1.0175963044e-12
9.0144000000e+03 9.2792499065e-01 1.0175963044e-12
9.0152500000e+03 9.0256392956e-01 1.0175963044e-12
9.0161000000e+03 7.5461894274e-01 1.0175963044e-12
9.0169500000e+03 6.4214897156e-01 1.0175963044e-12
9.0178000000e+03 7.7783882618e-01 1.0175963044e-12
9.0186500000e+03 9.2070770264e-01 1.0175963044e-12
9.0195000000e+03 9.8267436028e-01 1.0175963044e-12
