# CaT template converted from scan349.fits
# scan_id = scan349
# name = HD97907
# spectral_type = K2III
# template_category = k_giant
# wavelength_unit = Angstrom
# flux_unit = relative_flux_not_absolute
# flux_error_unit = relative_flux_not_absolute
# flux_note = Cenarro et al. 2001 did not obtain absolute fluxes; spectra are relatively flux calibrated.
# error_note = Original downloaded FITS files contain no per-pixel error extension.
# pseudo_error_note = flux_error column is tiny positive pseudo-error for fitter compatibility
# spectral_resolution_fwhm_A = 1.50 for most stars; some cluster stars from runs 5/6 may retain original FWHM.
# normalized_before_writing = False
# normalization_factor = 1.0000000000e+00
# OBJECT_header = HD97907
# BUNIT_header = MISSING
# CRVAL1 = 8348.85
# CDELT1 = 0.85
# NAXIS1 = 790
# columns: wavelength flux flux_error
8.3488500000e+03 9.6858501434e-01 1.0258741975e-12
8.3497000000e+03 1.0207227468e+00 1.0258741975e-12
8.3505500000e+03 1.0652976036e+00 1.0258741975e-12
8.3514000000e+03 1.0541723967e+00 1.0258741975e-12
8.3522500000e+03 1.0428906679e+00 1.0258741975e-12
8.3531000000e+03 1.0556803942e+00 1.0258741975e-12
8.3539500000e+03 1.0409059525e+00 1.0258741975e-12
8.3548000000e+03 1.0331516266e+00 1.0258741975e-12
8.3556500000e+03 1.0366744995e+00 1.0258741975e-12
8.3565000000e+03 1.0441682339e+00 1.0258741975e-12
8.3573500000e+03 1.0229473114e+00 1.0258741975e-12
8.3582000000e+03 1.0347627401e+00 1.0258741975e-12
8.3590500000e+03 1.0432412624e+00 1.0258741975e-12
8.3599000000e+03 1.0666837692e+00 1.0258741975e-12
8.3607500000e+03 1.0801476240e+00 1.0258741975e-12
8.3616000000e+03 1.0742270947e+00 1.0258741975e-12
8.3624500000e+03 1.0335807800e+00 1.0258741975e-12
8.3633000000e+03 9.8206090927e-01 1.0258741975e-12
8.3641500000e+03 9.7393864393e-01 1.0258741975e-12
8.3650000000e+03 1.0041145086e+00 1.0258741975e-12
8.3658500000e+03 1.0488361120e+00 1.0258741975e-12
8.3667000000e+03 1.0860080719e+00 1.0258741975e-12
8.3675500000e+03 1.0970553160e+00 1.0258741975e-12
8.3684000000e+03 1.0822937489e+00 1.0258741975e-12
8.3692500000e+03 1.0644347668e+00 1.0258741975e-12
8.3701000000e+03 1.0520864725e+00 1.0258741975e-12
8.3709500000e+03 1.0465254784e+00 1.0258741975e-12
8.3718000000e+03 1.0466628075e+00 1.0258741975e-12
8.3726500000e+03 1.0458296537e+00 1.0258741975e-12
8.3735000000e+03 1.0555129051e+00 1.0258741975e-12
8.3743500000e+03 1.0804139376e+00 1.0258741975e-12
8.3752000000e+03 1.0752673149e+00 1.0258741975e-12
8.3760500000e+03 1.0330351591e+00 1.0258741975e-12
8.3769000000e+03 9.8010379076e-01 1.0258741975e-12
8.3777500000e+03 9.8693656921e-01 1.0258741975e-12
8.3786000000e+03 1.0438404083e+00 1.0258741975e-12
8.3794500000e+03 1.0934536457e+00 1.0258741975e-12
8.3803000000e+03 1.0955586433e+00 1.0258741975e-12
8.3811500000e+03 1.0063477755e+00 1.0258741975e-12
8.3820000000e+03 8.9594674110e-01 1.0258741975e-12
8.3828500000e+03 9.0048319101e-01 1.0258741975e-12
8.3837000000e+03 9.9239641428e-01 1.0258741975e-12
8.3845500000e+03 1.0468807220e+00 1.0258741975e-12
8.3854000000e+03 1.0385898352e+00 1.0258741975e-12
8.3862500000e+03 9.8772364855e-01 1.0258741975e-12
8.3871000000e+03 9.1981095076e-01 1.0258741975e-12
8.3879500000e+03 9.3665790558e-01 1.0258741975e-12
8.3888000000e+03 9.5872741938e-01 1.0258741975e-12
8.3896500000e+03 9.8405766487e-01 1.0258741975e-12
8.3905000000e+03 1.0378063917e+00 1.0258741975e-12
8.3913500000e+03 1.0762248039e+00 1.0258741975e-12
8.3922000000e+03 1.1075596809e+00 1.0258741975e-12
8.3930500000e+03 1.1080087423e+00 1.0258741975e-12
8.3939000000e+03 1.0972224474e+00 1.0258741975e-12
8.3947500000e+03 1.0731898546e+00 1.0258741975e-12
8.3956000000e+03 1.0454715490e+00 1.0258741975e-12
8.3964500000e+03 1.0168389082e+00 1.0258741975e-12
8.3973000000e+03 1.0298056602e+00 1.0258741975e-12
8.3981500000e+03 1.0551946163e+00 1.0258741975e-12
8.3990000000e+03 1.0642439127e+00 1.0258741975e-12
8.3998500000e+03 1.0815269947e+00 1.0258741975e-12
8.4007000000e+03 1.0651673079e+00 1.0258741975e-12
8.4015500000e+03 1.0370624065e+00 1.0258741975e-12
8.4024000000e+03 1.0593358278e+00 1.0258741975e-12
8.4032500000e+03 1.0889148712e+00 1.0258741975e-12
8.4041000000e+03 1.0746885538e+00 1.0258741975e-12
8.4049500000e+03 1.0428692102e+00 1.0258741975e-12
8.4058000000e+03 1.0655847788e+00 1.0258741975e-12
8.4066500000e+03 1.0979657173e+00 1.0258741975e-12
8.4075000000e+03 1.0817346573e+00 1.0258741975e-12
8.4083500000e+03 1.0749285221e+00 1.0258741975e-12
8.4092000000e+03 1.0777159929e+00 1.0258741975e-12
8.4100500000e+03 1.0671975613e+00 1.0258741975e-12
8.4109000000e+03 1.0257550478e+00 1.0258741975e-12
8.4117500000e+03 9.7256201506e-01 1.0258741975e-12
8.4126000000e+03 9.7059845924e-01 1.0258741975e-12
8.4134500000e+03 1.0270032883e+00 1.0258741975e-12
8.4143000000e+03 1.0589146614e+00 1.0258741975e-12
8.4151500000e+03 1.0609042645e+00 1.0258741975e-12
8.4160000000e+03 1.0568392277e+00 1.0258741975e-12
8.4168500000e+03 1.0566631556e+00 1.0258741975e-12
8.4177000000e+03 1.0491302013e+00 1.0258741975e-12
8.4185500000e+03 1.0519592762e+00 1.0258741975e-12
8.4194000000e+03 1.0609712601e+00 1.0258741975e-12
8.4202500000e+03 1.0722309351e+00 1.0258741975e-12
8.4211000000e+03 1.0625102520e+00 1.0258741975e-12
8.4219500000e+03 1.0350714922e+00 1.0258741975e-12
8.4228000000e+03 1.0124380589e+00 1.0258741975e-12
8.4236500000e+03 1.0199906826e+00 1.0258741975e-12
8.4245000000e+03 1.0143934488e+00 1.0258741975e-12
8.4253500000e+03 9.5212155581e-01 1.0258741975e-12
8.4262000000e+03 9.2349404097e-01 1.0258741975e-12
8.4270500000e+03 9.8650550842e-01 1.0258741975e-12
8.4279000000e+03 1.0605880022e+00 1.0258741975e-12
8.4287500000e+03 1.1068010330e+00 1.0258741975e-12
8.4296000000e+03 1.1012034416e+00 1.0258741975e-12
8.4304500000e+03 1.0772013664e+00 1.0258741975e-12
8.4313000000e+03 1.0967637300e+00 1.0258741975e-12
8.4321500000e+03 1.0943462849e+00 1.0258741975e-12
8.4330000000e+03 1.0750732422e+00 1.0258741975e-12
8.4338500000e+03 9.6938753128e-01 1.0258741975e-12
8.4347000000e+03 8.7974935770e-01 1.0258741975e-12
8.4355500000e+03 8.8735884428e-01 1.0258741975e-12
8.4364000000e+03 9.8985171318e-01 1.0258741975e-12
8.4372500000e+03 1.0512835979e+00 1.0258741975e-12
8.4381000000e+03 1.0100574493e+00 1.0258741975e-12
8.4389500000e+03 9.6773177385e-01 1.0258741975e-12
8.4398000000e+03 9.6776902676e-01 1.0258741975e-12
8.4406500000e+03 1.0029106140e+00 1.0258741975e-12
8.4415000000e+03 1.0534216166e+00 1.0258741975e-12
8.4423500000e+03 1.0714274645e+00 1.0258741975e-12
8.4432000000e+03 1.0602853298e+00 1.0258741975e-12
8.4440500000e+03 1.0610454082e+00 1.0258741975e-12
8.4449000000e+03 1.0472335815e+00 1.0258741975e-12
8.4457500000e+03 1.0062358379e+00 1.0258741975e-12
8.4466000000e+03 9.9814176559e-01 1.0258741975e-12
8.4474500000e+03 1.0384360552e+00 1.0258741975e-12
8.4483000000e+03 1.0519020557e+00 1.0258741975e-12
8.4491500000e+03 1.0264786482e+00 1.0258741975e-12
8.4500000000e+03 1.0193573236e+00 1.0258741975e-12
8.4508500000e+03 1.0412501097e+00 1.0258741975e-12
8.4517000000e+03 1.0710557699e+00 1.0258741975e-12
8.4525500000e+03 1.0802761316e+00 1.0258741975e-12
8.4534000000e+03 1.0822973251e+00 1.0258741975e-12
8.4542500000e+03 1.0701742172e+00 1.0258741975e-12
8.4551000000e+03 1.0376554728e+00 1.0258741975e-12
8.4559500000e+03 1.0124020576e+00 1.0258741975e-12
8.4568000000e+03 1.0220303535e+00 1.0258741975e-12
8.4576500000e+03 1.0485846996e+00 1.0258741975e-12
8.4585000000e+03 1.0609234571e+00 1.0258741975e-12
8.4593500000e+03 1.0509063005e+00 1.0258741975e-12
8.4602000000e+03 1.0592255592e+00 1.0258741975e-12
8.4610500000e+03 1.0906463861e+00 1.0258741975e-12
8.4619000000e+03 1.1118848324e+00 1.0258741975e-12
8.4627500000e+03 1.0746701956e+00 1.0258741975e-12
8.4636000000e+03 1.0527358055e+00 1.0258741975e-12
8.4644500000e+03 1.0367630720e+00 1.0258741975e-12
8.4653000000e+03 1.0079716444e+00 1.0258741975e-12
8.4661500000e+03 9.9508661032e-01 1.0258741975e-12
8.4670000000e+03 9.7966271639e-01 1.0258741975e-12
8.4678500000e+03 9.4537359476e-01 1.0258741975e-12
8.4687000000e+03 9.7846639156e-01 1.0258741975e-12
8.4695500000e+03 1.0348901749e+00 1.0258741975e-12
8.4704000000e+03 1.0403724909e+00 1.0258741975e-12
8.4712500000e+03 1.0073229074e+00 1.0258741975e-12
8.4721000000e+03 1.0426851511e+00 1.0258741975e-12
8.4729500000e+03 1.0877714157e+00 1.0258741975e-12
8.4738000000e+03 1.0989694595e+00 1.0258741975e-12
8.4746500000e+03 1.1292818785e+00 1.0258741975e-12
8.4755000000e+03 1.0989832878e+00 1.0258741975e-12
8.4763500000e+03 1.0536537170e+00 1.0258741975e-12
8.4772000000e+03 1.0539783239e+00 1.0258741975e-12
8.4780500000e+03 1.0642707348e+00 1.0258741975e-12
8.4789000000e+03 1.0570769310e+00 1.0258741975e-12
8.4797500000e+03 1.0360349417e+00 1.0258741975e-12
8.4806000000e+03 1.0117733479e+00 1.0258741975e-12
8.4814500000e+03 1.0212032795e+00 1.0258741975e-12
8.4823000000e+03 1.0259667635e+00 1.0258741975e-12
8.4831500000e+03 1.0487823486e+00 1.0258741975e-12
8.4840000000e+03 1.0760409832e+00 1.0258741975e-12
8.4848500000e+03 1.0649541616e+00 1.0258741975e-12
8.4857000000e+03 1.0694249868e+00 1.0258741975e-12
8.4865500000e+03 1.0624170303e+00 1.0258741975e-12
8.4874000000e+03 1.0178078413e+00 1.0258741975e-12
8.4882500000e+03 1.0183539391e+00 1.0258741975e-12
8.4891000000e+03 1.0463441610e+00 1.0258741975e-12
8.4899500000e+03 1.0668164492e+00 1.0258741975e-12
8.4908000000e+03 1.0479364395e+00 1.0258741975e-12
8.4916500000e+03 1.0511217117e+00 1.0258741975e-12
8.4925000000e+03 1.0609019995e+00 1.0258741975e-12
8.4933500000e+03 1.0462449789e+00 1.0258741975e-12
8.4942000000e+03 1.0319893360e+00 1.0258741975e-12
8.4950500000e+03 9.9261492491e-01 1.0258741975e-12
8.4959000000e+03 9.0469539165e-01 1.0258741975e-12
8.4967500000e+03 7.4036544561e-01 1.0258741975e-12
8.4976000000e+03 5.9237414598e-01 1.0258741975e-12
8.4984500000e+03 6.3402539492e-01 1.0258741975e-12
8.4993000000e+03 8.1081843376e-01 1.0258741975e-12
8.5001500000e+03 9.3853032589e-01 1.0258741975e-12
8.5010000000e+03 9.7354507446e-01 1.0258741975e-12
8.5018500000e+03 9.6751070023e-01 1.0258741975e-12
8.5027000000e+03 9.7524994612e-01 1.0258741975e-12
8.5035500000e+03 9.9967038631e-01 1.0258741975e-12
8.5044000000e+03 1.0194494724e+00 1.0258741975e-12
8.5052500000e+03 1.0419472456e+00 1.0258741975e-12
8.5061000000e+03 1.0640860796e+00 1.0258741975e-12
8.5069500000e+03 1.0848095417e+00 1.0258741975e-12
8.5078000000e+03 1.0986194611e+00 1.0258741975e-12
8.5086500000e+03 1.0918548107e+00 1.0258741975e-12
8.5095000000e+03 1.0666658878e+00 1.0258741975e-12
8.5103500000e+03 1.0524426699e+00 1.0258741975e-12
8.5112000000e+03 1.0457382202e+00 1.0258741975e-12
8.5120500000e+03 1.0279675722e+00 1.0258741975e-12
8.5129000000e+03 9.8928302526e-01 1.0258741975e-12
8.5137500000e+03 9.2001771927e-01 1.0258741975e-12
8.5146000000e+03 8.9217627048e-01 1.0258741975e-12
8.5154500000e+03 9.6663451195e-01 1.0258741975e-12
8.5163000000e+03 1.0145056248e+00 1.0258741975e-12
8.5171500000e+03 9.6803146601e-01 1.0258741975e-12
8.5180000000e+03 9.5675295591e-01 1.0258741975e-12
8.5188500000e+03 9.9330627918e-01 1.0258741975e-12
8.5197000000e+03 1.0348196030e+00 1.0258741975e-12
8.5205500000e+03 1.0339308977e+00 1.0258741975e-12
8.5214000000e+03 1.0273578167e+00 1.0258741975e-12
8.5222500000e+03 1.0491584539e+00 1.0258741975e-12
8.5231000000e+03 1.0519682169e+00 1.0258741975e-12
8.5239500000e+03 1.0399541855e+00 1.0258741975e-12
8.5248000000e+03 1.0226373672e+00 1.0258741975e-12
8.5256500000e+03 9.9506765604e-01 1.0258741975e-12
8.5265000000e+03 9.8523843288e-01 1.0258741975e-12
8.5273500000e+03 1.0265029669e+00 1.0258741975e-12
8.5282000000e+03 1.0425660610e+00 1.0258741975e-12
8.5290500000e+03 1.0513248444e+00 1.0258741975e-12
8.5299000000e+03 1.0398001671e+00 1.0258741975e-12
8.5307500000e+03 1.0209265947e+00 1.0258741975e-12
8.5316000000e+03 1.0008178949e+00 1.0258741975e-12
8.5324500000e+03 1.0215585232e+00 1.0258741975e-12
8.5333000000e+03 1.0341113806e+00 1.0258741975e-12
8.5341500000e+03 1.0221290588e+00 1.0258741975e-12
8.5350000000e+03 1.0003169775e+00 1.0258741975e-12
8.5358500000e+03 9.6353662014e-01 1.0258741975e-12
8.5367000000e+03 9.2804831266e-01 1.0258741975e-12
8.5375500000e+03 8.7926113605e-01 1.0258741975e-12
8.5384000000e+03 8.2799559832e-01 1.0258741975e-12
8.5392500000e+03 7.6653426886e-01 1.0258741975e-12
8.5401000000e+03 6.6135913134e-01 1.0258741975e-12
8.5409500000e+03 4.9435648322e-01 1.0258741975e-12
8.5418000000e+03 3.7491199374e-01 1.0258741975e-12
8.5426500000e+03 4.4533437490e-01 1.0258741975e-12
8.5435000000e+03 6.2250423431e-01 1.0258741975e-12
8.5443500000e+03 7.6842224598e-01 1.0258741975e-12
8.5452000000e+03 8.3328044415e-01 1.0258741975e-12
8.5460500000e+03 8.8951605558e-01 1.0258741975e-12
8.5469000000e+03 9.2059785128e-01 1.0258741975e-12
8.5477500000e+03 9.2471379042e-01 1.0258741975e-12
8.5486000000e+03 9.4815337658e-01 1.0258741975e-12
8.5494500000e+03 9.8041343689e-01 1.0258741975e-12
8.5503000000e+03 9.8717069626e-01 1.0258741975e-12
8.5511500000e+03 1.0304181576e+00 1.0258741975e-12
8.5520000000e+03 1.0698138475e+00 1.0258741975e-12
8.5528500000e+03 1.0711605549e+00 1.0258741975e-12
8.5537000000e+03 1.0660140514e+00 1.0258741975e-12
8.5545500000e+03 1.0188175440e+00 1.0258741975e-12
8.5554000000e+03 9.8368501663e-01 1.0258741975e-12
8.5562500000e+03 9.9124121666e-01 1.0258741975e-12
8.5571000000e+03 1.0227675438e+00 1.0258741975e-12
8.5579500000e+03 1.0617191792e+00 1.0258741975e-12
8.5588000000e+03 1.0529751778e+00 1.0258741975e-12
8.5596500000e+03 1.0362261534e+00 1.0258741975e-12
8.5605000000e+03 1.0350970030e+00 1.0258741975e-12
8.5613500000e+03 1.0197557211e+00 1.0258741975e-12
8.5622000000e+03 1.0297975540e+00 1.0258741975e-12
8.5630500000e+03 1.0628038645e+00 1.0258741975e-12
8.5639000000e+03 1.0526609421e+00 1.0258741975e-12
8.5647500000e+03 1.0303902626e+00 1.0258741975e-12
8.5656000000e+03 1.0331711769e+00 1.0258741975e-12
8.5664500000e+03 1.0468891859e+00 1.0258741975e-12
8.5673000000e+03 1.0621782541e+00 1.0258741975e-12
8.5681500000e+03 1.0466916561e+00 1.0258741975e-12
8.5690000000e+03 1.0375986099e+00 1.0258741975e-12
8.5698500000e+03 1.0426377058e+00 1.0258741975e-12
8.5707000000e+03 1.0373034477e+00 1.0258741975e-12
8.5715500000e+03 1.0368032455e+00 1.0258741975e-12
8.5724000000e+03 1.0415248871e+00 1.0258741975e-12
8.5732500000e+03 1.0357282162e+00 1.0258741975e-12
8.5741000000e+03 1.0063866377e+00 1.0258741975e-12
8.5749500000e+03 9.9850976467e-01 1.0258741975e-12
8.5758000000e+03 1.0224870443e+00 1.0258741975e-12
8.5766500000e+03 1.0588134527e+00 1.0258741975e-12
8.5775000000e+03 1.0406600237e+00 1.0258741975e-12
8.5783500000e+03 1.0343384743e+00 1.0258741975e-12
8.5792000000e+03 1.0805666447e+00 1.0258741975e-12
8.5800500000e+03 1.1051032543e+00 1.0258741975e-12
8.5809000000e+03 1.0731459856e+00 1.0258741975e-12
8.5817500000e+03 9.8850202560e-01 1.0258741975e-12
8.5826000000e+03 9.6235060692e-01 1.0258741975e-12
8.5834500000e+03 1.0026137829e+00 1.0258741975e-12
8.5843000000e+03 1.0146695375e+00 1.0258741975e-12
8.5851500000e+03 1.0299767256e+00 1.0258741975e-12
8.5860000000e+03 1.0420379639e+00 1.0258741975e-12
8.5868500000e+03 1.0511608124e+00 1.0258741975e-12
8.5877000000e+03 1.0587753057e+00 1.0258741975e-12
8.5885500000e+03 1.0506583452e+00 1.0258741975e-12
8.5894000000e+03 1.0595183372e+00 1.0258741975e-12
8.5902500000e+03 1.0405728817e+00 1.0258741975e-12
8.5911000000e+03 1.0447728634e+00 1.0258741975e-12
8.5919500000e+03 1.0331032276e+00 1.0258741975e-12
8.5928000000e+03 1.0382809639e+00 1.0258741975e-12
8.5936500000e+03 1.0501388311e+00 1.0258741975e-12
8.5945000000e+03 1.0729173422e+00 1.0258741975e-12
8.5953500000e+03 1.0557175875e+00 1.0258741975e-12
8.5962000000e+03 1.0462269783e+00 1.0258741975e-12
8.5970500000e+03 1.0238615274e+00 1.0258741975e-12
8.5979000000e+03 9.8874616623e-01 1.0258741975e-12
8.5987500000e+03 9.7425049543e-01 1.0258741975e-12
8.5996000000e+03 1.0470964909e+00 1.0258741975e-12
8.6004500000e+03 1.0851931572e+00 1.0258741975e-12
8.6013000000e+03 1.0647195578e+00 1.0258741975e-12
8.6021500000e+03 1.0441540480e+00 1.0258741975e-12
8.6030000000e+03 1.0327737331e+00 1.0258741975e-12
8.6038500000e+03 1.0318517685e+00 1.0258741975e-12
8.6047000000e+03 1.0382549763e+00 1.0258741975e-12
8.6055500000e+03 1.0478395224e+00 1.0258741975e-12
8.6064000000e+03 1.0304620266e+00 1.0258741975e-12
8.6072500000e+03 1.0415723324e+00 1.0258741975e-12
8.6081000000e+03 1.0466865301e+00 1.0258741975e-12
8.6089500000e+03 1.0527364016e+00 1.0258741975e-12
8.6098000000e+03 1.0373342037e+00 1.0258741975e-12
8.6106500000e+03 9.8362481594e-01 1.0258741975e-12
8.6115000000e+03 9.7049319744e-01 1.0258741975e-12
8.6123500000e+03 9.9863898754e-01 1.0258741975e-12
8.6132000000e+03 1.0171226263e+00 1.0258741975e-12
8.6140500000e+03 1.0598716736e+00 1.0258741975e-12
8.6149000000e+03 1.0648418665e+00 1.0258741975e-12
8.6157500000e+03 1.0351691246e+00 1.0258741975e-12
8.6166000000e+03 1.0420445204e+00 1.0258741975e-12
8.6174500000e+03 1.0653581619e+00 1.0258741975e-12
8.6183000000e+03 1.0588208437e+00 1.0258741975e-12
8.6191500000e+03 1.0483934879e+00 1.0258741975e-12
8.6200000000e+03 1.0492058992e+00 1.0258741975e-12
8.6208500000e+03 1.0057492256e+00 1.0258741975e-12
8.6217000000e+03 9.6966481209e-01 1.0258741975e-12
8.6225500000e+03 9.8693764210e-01 1.0258741975e-12
8.6234000000e+03 1.0300614834e+00 1.0258741975e-12
8.6242500000e+03 1.0568027496e+00 1.0258741975e-12
8.6251000000e+03 1.0499181747e+00 1.0258741975e-12
8.6259500000e+03 1.0471020937e+00 1.0258741975e-12
8.6268000000e+03 1.0450901985e+00 1.0258741975e-12
8.6276500000e+03 1.0522602797e+00 1.0258741975e-12
8.6285000000e+03 1.0530176163e+00 1.0258741975e-12
8.6293500000e+03 1.0441415310e+00 1.0258741975e-12
8.6302000000e+03 1.0628538132e+00 1.0258741975e-12
8.6310500000e+03 1.0560356379e+00 1.0258741975e-12
8.6319000000e+03 1.0282210112e+00 1.0258741975e-12
8.6327500000e+03 1.0288585424e+00 1.0258741975e-12
8.6336000000e+03 1.0111490488e+00 1.0258741975e-12
8.6344500000e+03 1.0186718702e+00 1.0258741975e-12
8.6353000000e+03 1.0500082970e+00 1.0258741975e-12
8.6361500000e+03 1.0397880077e+00 1.0258741975e-12
8.6370000000e+03 1.0547802448e+00 1.0258741975e-12
8.6378500000e+03 1.0829490423e+00 1.0258741975e-12
8.6387000000e+03 1.0712571144e+00 1.0258741975e-12
8.6395500000e+03 1.0652220249e+00 1.0258741975e-12
8.6404000000e+03 1.0552513599e+00 1.0258741975e-12
8.6412500000e+03 1.0203423500e+00 1.0258741975e-12
8.6421000000e+03 1.0060442686e+00 1.0258741975e-12
8.6429500000e+03 1.0137314796e+00 1.0258741975e-12
8.6438000000e+03 1.0399347544e+00 1.0258741975e-12
8.6446500000e+03 1.0585110188e+00 1.0258741975e-12
8.6455000000e+03 1.0571134090e+00 1.0258741975e-12
8.6463500000e+03 1.0496622324e+00 1.0258741975e-12
8.6472000000e+03 1.0334690809e+00 1.0258741975e-12
8.6480500000e+03 9.8331302404e-01 1.0258741975e-12
8.6489000000e+03 9.8259401321e-01 1.0258741975e-12
8.6497500000e+03 1.0058196783e+00 1.0258741975e-12
8.6506000000e+03 9.9777108431e-01 1.0258741975e-12
8.6514500000e+03 1.0155723095e+00 1.0258741975e-12
8.6523000000e+03 1.0172537565e+00 1.0258741975e-12
8.6531500000e+03 1.0188498497e+00 1.0258741975e-12
8.6540000000e+03 1.0039596558e+00 1.0258741975e-12
8.6548500000e+03 9.9795198441e-01 1.0258741975e-12
8.6557000000e+03 9.9821656942e-01 1.0258741975e-12
8.6565500000e+03 9.8526251316e-01 1.0258741975e-12
8.6574000000e+03 9.5025938749e-01 1.0258741975e-12
8.6582500000e+03 9.4072353840e-01 1.0258741975e-12
8.6591000000e+03 9.0514409542e-01 1.0258741975e-12
8.6599500000e+03 8.0594742298e-01 1.0258741975e-12
8.6608000000e+03 6.3294845819e-01 1.0258741975e-12
8.6616500000e+03 4.6555885673e-01 1.0258741975e-12
8.6625000000e+03 4.6182209253e-01 1.0258741975e-12
8.6633500000e+03 6.1978167295e-01 1.0258741975e-12
8.6642000000e+03 7.7656704187e-01 1.0258741975e-12
8.6650500000e+03 8.5864001513e-01 1.0258741975e-12
8.6659000000e+03 9.2415291071e-01 1.0258741975e-12
8.6667500000e+03 9.5398789644e-01 1.0258741975e-12
8.6676000000e+03 9.7604680061e-01 1.0258741975e-12
8.6684500000e+03 9.8403900862e-01 1.0258741975e-12
8.6693000000e+03 9.9479013681e-01 1.0258741975e-12
8.6701500000e+03 1.0104285479e+00 1.0258741975e-12
8.6710000000e+03 9.9292856455e-01 1.0258741975e-12
8.6718500000e+03 9.7846251726e-01 1.0258741975e-12
8.6727000000e+03 9.8082649708e-01 1.0258741975e-12
8.6735500000e+03 9.6683990955e-01 1.0258741975e-12
8.6744000000e+03 8.8414239883e-01 1.0258741975e-12
8.6752500000e+03 9.0003007650e-01 1.0258741975e-12
8.6761000000e+03 9.9407780170e-01 1.0258741975e-12
8.6769500000e+03 1.0323106050e+00 1.0258741975e-12
8.6778000000e+03 1.0413860083e+00 1.0258741975e-12
8.6786500000e+03 1.0101281404e+00 1.0258741975e-12
8.6795000000e+03 9.7659146786e-01 1.0258741975e-12
8.6803500000e+03 9.9514603615e-01 1.0258741975e-12
8.6812000000e+03 1.0093253851e+00 1.0258741975e-12
8.6820500000e+03 9.6641206741e-01 1.0258741975e-12
8.6829000000e+03 9.6588271856e-01 1.0258741975e-12
8.6837500000e+03 1.0014586449e+00 1.0258741975e-12
8.6846000000e+03 1.0437806845e+00 1.0258741975e-12
8.6854500000e+03 1.0732654333e+00 1.0258741975e-12
8.6863000000e+03 1.0169788599e+00 1.0258741975e-12
8.6871500000e+03 9.6983784437e-01 1.0258741975e-12
8.6880000000e+03 8.5638588667e-01 1.0258741975e-12
8.6888500000e+03 8.2576239109e-01 1.0258741975e-12
8.6897000000e+03 9.1142708063e-01 1.0258741975e-12
8.6905500000e+03 1.0022387505e+00 1.0258741975e-12
8.6914000000e+03 1.0404678583e+00 1.0258741975e-12
8.6922500000e+03 1.0002917051e+00 1.0258741975e-12
8.6931000000e+03 1.0219217539e+00 1.0258741975e-12
8.6939500000e+03 1.0403031111e+00 1.0258741975e-12
8.6948000000e+03 1.0296226740e+00 1.0258741975e-12
8.6956500000e+03 1.0407849550e+00 1.0258741975e-12
8.6965000000e+03 1.0510746241e+00 1.0258741975e-12
8.6973500000e+03 1.0564819574e+00 1.0258741975e-12
8.6982000000e+03 9.9807059765e-01 1.0258741975e-12
8.6990500000e+03 9.7083944082e-01 1.0258741975e-12
8.6999000000e+03 9.8898613453e-01 1.0258741975e-12
8.7007500000e+03 9.9974596500e-01 1.0258741975e-12
8.7016000000e+03 9.8874372244e-01 1.0258741975e-12
8.7024500000e+03 9.8497992754e-01 1.0258741975e-12
8.7033000000e+03 9.7945284843e-01 1.0258741975e-12
8.7041500000e+03 1.0078308582e+00 1.0258741975e-12
8.7050000000e+03 1.0187665224e+00 1.0258741975e-12
8.7058500000e+03 1.0194475651e+00 1.0258741975e-12
8.7067000000e+03 1.0151524544e+00 1.0258741975e-12
8.7075500000e+03 1.0237605572e+00 1.0258741975e-12
8.7084000000e+03 1.0380200148e+00 1.0258741975e-12
8.7092500000e+03 9.8924195766e-01 1.0258741975e-12
8.7101000000e+03 9.6166217327e-01 1.0258741975e-12
8.7109500000e+03 9.9594670534e-01 1.0258741975e-12
8.7118000000e+03 1.0016252995e+00 1.0258741975e-12
8.7126500000e+03 9.5884966850e-01 1.0258741975e-12
8.7135000000e+03 9.6385419369e-01 1.0258741975e-12
8.7143500000e+03 9.9747937918e-01 1.0258741975e-12
8.7152000000e+03 1.0450758934e+00 1.0258741975e-12
8.7160500000e+03 1.0514317751e+00 1.0258741975e-12
8.7169000000e+03 1.0315610170e+00 1.0258741975e-12
8.7177500000e+03 1.0076706409e+00 1.0258741975e-12
8.7186000000e+03 1.0003156662e+00 1.0258741975e-12
8.7194500000e+03 1.0275120735e+00 1.0258741975e-12
8.7203000000e+03 1.0250916481e+00 1.0258741975e-12
8.7211500000e+03 1.0369671583e+00 1.0258741975e-12
8.7220000000e+03 1.0629678965e+00 1.0258741975e-12
8.7228500000e+03 1.0617126226e+00 1.0258741975e-12
8.7237000000e+03 1.0383795500e+00 1.0258741975e-12
8.7245500000e+03 1.0425431728e+00 1.0258741975e-12
8.7254000000e+03 1.0464818478e+00 1.0258741975e-12
8.7262500000e+03 1.0544474125e+00 1.0258741975e-12
8.7271000000e+03 1.0388894081e+00 1.0258741975e-12
8.7279500000e+03 1.0033110380e+00 1.0258741975e-12
8.7288000000e+03 9.7525972128e-01 1.0258741975e-12
8.7296500000e+03 9.9222850800e-01 1.0258741975e-12
8.7305000000e+03 1.0096652508e+00 1.0258741975e-12
8.7313500000e+03 1.0226612091e+00 1.0258741975e-12
8.7322000000e+03 1.0500954390e+00 1.0258741975e-12
8.7330500000e+03 1.0496758223e+00 1.0258741975e-12
8.7339000000e+03 1.0181387663e+00 1.0258741975e-12
8.7347500000e+03 9.8484402895e-01 1.0258741975e-12
8.7356000000e+03 9.6197050810e-01 1.0258741975e-12
8.7364500000e+03 9.8194223642e-01 1.0258741975e-12
8.7373000000e+03 1.0155826807e+00 1.0258741975e-12
8.7381500000e+03 1.0365549326e+00 1.0258741975e-12
8.7390000000e+03 1.0393782854e+00 1.0258741975e-12
8.7398500000e+03 1.0110290051e+00 1.0258741975e-12
8.7407000000e+03 9.8702734709e-01 1.0258741975e-12
8.7415500000e+03 1.0046302080e+00 1.0258741975e-12
8.7424000000e+03 1.0237823725e+00 1.0258741975e-12
8.7432500000e+03 1.0366709232e+00 1.0258741975e-12
8.7441000000e+03 1.0531904697e+00 1.0258741975e-12
8.7449500000e+03 1.0268158913e+00 1.0258741975e-12
8.7458000000e+03 1.0425182581e+00 1.0258741975e-12
8.7466500000e+03 1.0239183903e+00 1.0258741975e-12
8.7475000000e+03 9.9029153585e-01 1.0258741975e-12
8.7483500000e+03 1.0106481314e+00 1.0258741975e-12
8.7492000000e+03 1.0430560112e+00 1.0258741975e-12
8.7500500000e+03 1.0244183540e+00 1.0258741975e-12
8.7509000000e+03 9.8740839958e-01 1.0258741975e-12
8.7517500000e+03 9.5988267660e-01 1.0258741975e-12
8.7526000000e+03 9.8358631134e-01 1.0258741975e-12
8.7534500000e+03 1.0269775391e+00 1.0258741975e-12
8.7543000000e+03 1.0465158224e+00 1.0258741975e-12
8.7551500000e+03 1.0362035036e+00 1.0258741975e-12
8.7560000000e+03 1.0155245066e+00 1.0258741975e-12
8.7568500000e+03 9.6774214506e-01 1.0258741975e-12
8.7577000000e+03 9.7987276316e-01 1.0258741975e-12
8.7585500000e+03 1.0305523872e+00 1.0258741975e-12
8.7594000000e+03 1.0470761061e+00 1.0258741975e-12
8.7602500000e+03 1.0371983051e+00 1.0258741975e-12
8.7611000000e+03 1.0453701019e+00 1.0258741975e-12
8.7619500000e+03 1.0496665239e+00 1.0258741975e-12
8.7628000000e+03 1.0311021805e+00 1.0258741975e-12
8.7636500000e+03 9.9008584023e-01 1.0258741975e-12
8.7645000000e+03 9.8174238205e-01 1.0258741975e-12
8.7653500000e+03 1.0067603588e+00 1.0258741975e-12
8.7662000000e+03 9.9389576912e-01 1.0258741975e-12
8.7670500000e+03 9.9124485254e-01 1.0258741975e-12
8.7679000000e+03 1.0357726812e+00 1.0258741975e-12
8.7687500000e+03 1.0673317909e+00 1.0258741975e-12
8.7696000000e+03 1.0493842363e+00 1.0258741975e-12
8.7704500000e+03 1.0291782618e+00 1.0258741975e-12
8.7713000000e+03 1.0387551785e+00 1.0258741975e-12
8.7721500000e+03 1.0103565454e+00 1.0258741975e-12
8.7730000000e+03 9.5573103428e-01 1.0258741975e-12
8.7738500000e+03 9.5851171017e-01 1.0258741975e-12
8.7747000000e+03 1.0041692257e+00 1.0258741975e-12
8.7755500000e+03 1.0314021111e+00 1.0258741975e-12
8.7764000000e+03 1.0535285473e+00 1.0258741975e-12
8.7772500000e+03 1.0482439995e+00 1.0258741975e-12
8.7781000000e+03 9.9703156948e-01 1.0258741975e-12
8.7789500000e+03 9.9314421415e-01 1.0258741975e-12
8.7798000000e+03 1.0178787708e+00 1.0258741975e-12
8.7806500000e+03 1.0384880304e+00 1.0258741975e-12
8.7815000000e+03 1.0531241894e+00 1.0258741975e-12
8.7823500000e+03 1.0451058149e+00 1.0258741975e-12
8.7832000000e+03 1.0448668003e+00 1.0258741975e-12
8.7840500000e+03 1.0396806002e+00 1.0258741975e-12
8.7849000000e+03 1.0259245634e+00 1.0258741975e-12
8.7857500000e+03 1.0359882116e+00 1.0258741975e-12
8.7866000000e+03 1.0550786257e+00 1.0258741975e-12
8.7874500000e+03 1.0552024841e+00 1.0258741975e-12
8.7883000000e+03 1.0371935368e+00 1.0258741975e-12
8.7891500000e+03 1.0118027925e+00 1.0258741975e-12
8.7900000000e+03 9.7866976261e-01 1.0258741975e-12
8.7908500000e+03 9.9334651232e-01 1.0258741975e-12
8.7917000000e+03 1.0449495316e+00 1.0258741975e-12
8.7925500000e+03 1.0066567659e+00 1.0258741975e-12
8.7934000000e+03 9.6287965775e-01 1.0258741975e-12
8.7942500000e+03 1.0047042370e+00 1.0258741975e-12
8.7951000000e+03 1.0276594162e+00 1.0258741975e-12
8.7959500000e+03 9.8881924152e-01 1.0258741975e-12
8.7968000000e+03 9.8901993036e-01 1.0258741975e-12
8.7976500000e+03 1.0202214718e+00 1.0258741975e-12
8.7985000000e+03 1.0298708677e+00 1.0258741975e-12
8.7993500000e+03 1.0513066053e+00 1.0258741975e-12
8.8002000000e+03 1.0603231192e+00 1.0258741975e-12
8.8010500000e+03 1.0521746874e+00 1.0258741975e-12
8.8019000000e+03 1.0397530794e+00 1.0258741975e-12
8.8027500000e+03 1.0367572308e+00 1.0258741975e-12
8.8036000000e+03 1.0132457018e+00 1.0258741975e-12
8.8044500000e+03 9.8742413521e-01 1.0258741975e-12
8.8053000000e+03 9.6286940575e-01 1.0258741975e-12
8.8061500000e+03 8.2623916864e-01 1.0258741975e-12
8.8070000000e+03 7.7995210886e-01 1.0258741975e-12
8.8078500000e+03 9.0290641785e-01 1.0258741975e-12
8.8087000000e+03 9.9323290586e-01 1.0258741975e-12
8.8095500000e+03 1.0225971937e+00 1.0258741975e-12
8.8104000000e+03 1.0532311201e+00 1.0258741975e-12
8.8112500000e+03 1.0589444637e+00 1.0258741975e-12
8.8121000000e+03 1.0449860096e+00 1.0258741975e-12
8.8129500000e+03 1.0292167664e+00 1.0258741975e-12
8.8138000000e+03 1.0231006145e+00 1.0258741975e-12
8.8146500000e+03 1.0437537432e+00 1.0258741975e-12
8.8155000000e+03 1.0584446192e+00 1.0258741975e-12
8.8163500000e+03 1.0431507826e+00 1.0258741975e-12
8.8172000000e+03 1.0326509476e+00 1.0258741975e-12
8.8180500000e+03 1.0325642824e+00 1.0258741975e-12
8.8189000000e+03 1.0066925287e+00 1.0258741975e-12
8.8197500000e+03 1.0096092224e+00 1.0258741975e-12
8.8206000000e+03 1.0206489563e+00 1.0258741975e-12
8.8214500000e+03 1.0169734955e+00 1.0258741975e-12
8.8223000000e+03 1.0308830738e+00 1.0258741975e-12
8.8231500000e+03 9.7162288427e-01 1.0258741975e-12
8.8240000000e+03 8.6687856913e-01 1.0258741975e-12
8.8248500000e+03 9.0084153414e-01 1.0258741975e-12
8.8257000000e+03 9.9100267887e-01 1.0258741975e-12
8.8265500000e+03 1.0247788429e+00 1.0258741975e-12
8.8274000000e+03 1.0144630671e+00 1.0258741975e-12
8.8282500000e+03 1.0174406767e+00 1.0258741975e-12
8.8291000000e+03 1.0292081833e+00 1.0258741975e-12
8.8299500000e+03 1.0427186489e+00 1.0258741975e-12
8.8308000000e+03 1.0582023859e+00 1.0258741975e-12
8.8316500000e+03 1.0549280643e+00 1.0258741975e-12
8.8325000000e+03 1.0386070013e+00 1.0258741975e-12
8.8333500000e+03 1.0136944056e+00 1.0258741975e-12
8.8342000000e+03 1.0260034800e+00 1.0258741975e-12
8.8350500000e+03 1.0371879339e+00 1.0258741975e-12
8.8359000000e+03 9.9211472273e-01 1.0258741975e-12
8.8367500000e+03 9.8638808727e-01 1.0258741975e-12
8.8376000000e+03 9.7211366892e-01 1.0258741975e-12
8.8384500000e+03 9.3951553106e-01 1.0258741975e-12
8.8393000000e+03 9.8308974504e-01 1.0258741975e-12
8.8401500000e+03 1.0301489830e+00 1.0258741975e-12
8.8410000000e+03 1.0304788351e+00 1.0258741975e-12
8.8418500000e+03 1.0258238316e+00 1.0258741975e-12
8.8427000000e+03 1.0291142464e+00 1.0258741975e-12
8.8435500000e+03 1.0392255783e+00 1.0258741975e-12
8.8444000000e+03 1.0412446260e+00 1.0258741975e-12
8.8452500000e+03 1.0253969431e+00 1.0258741975e-12
8.8461000000e+03 1.0002897978e+00 1.0258741975e-12
8.8469500000e+03 1.0145434141e+00 1.0258741975e-12
8.8478000000e+03 1.0485879183e+00 1.0258741975e-12
8.8486500000e+03 1.0710834265e+00 1.0258741975e-12
8.8495000000e+03 1.0517596006e+00 1.0258741975e-12
8.8503500000e+03 1.0457918644e+00 1.0258741975e-12
8.8512000000e+03 1.0533761978e+00 1.0258741975e-12
8.8520500000e+03 1.0386581421e+00 1.0258741975e-12
8.8529000000e+03 1.0343056917e+00 1.0258741975e-12
8.8537500000e+03 1.0199409723e+00 1.0258741975e-12
8.8546000000e+03 1.0280836821e+00 1.0258741975e-12
8.8554500000e+03 1.0368862152e+00 1.0258741975e-12
8.8563000000e+03 1.0418812037e+00 1.0258741975e-12
8.8571500000e+03 1.0567506552e+00 1.0258741975e-12
8.8580000000e+03 1.0451213121e+00 1.0258741975e-12
8.8588500000e+03 1.0452684164e+00 1.0258741975e-12
8.8597000000e+03 1.0338530540e+00 1.0258741975e-12
8.8605500000e+03 1.0157914162e+00 1.0258741975e-12
8.8614000000e+03 1.0078779459e+00 1.0258741975e-12
8.8622500000e+03 9.8286378384e-01 1.0258741975e-12
8.8631000000e+03 9.8372697830e-01 1.0258741975e-12
8.8639500000e+03 1.0065083504e+00 1.0258741975e-12
8.8648000000e+03 1.0288137197e+00 1.0258741975e-12
8.8656500000e+03 1.0138238668e+00 1.0258741975e-12
8.8665000000e+03 9.4705021381e-01 1.0258741975e-12
8.8673500000e+03 9.2784315348e-01 1.0258741975e-12
8.8682000000e+03 9.4024908543e-01 1.0258741975e-12
8.8690500000e+03 1.0080312490e+00 1.0258741975e-12
8.8699000000e+03 1.0439169407e+00 1.0258741975e-12
8.8707500000e+03 1.0424599648e+00 1.0258741975e-12
8.8716000000e+03 1.0570671558e+00 1.0258741975e-12
8.8724500000e+03 1.0719383955e+00 1.0258741975e-12
8.8733000000e+03 1.0580984354e+00 1.0258741975e-12
8.8741500000e+03 1.0673602819e+00 1.0258741975e-12
8.8750000000e+03 1.0414543152e+00 1.0258741975e-12
8.8758500000e+03 9.9320489168e-01 1.0258741975e-12
8.8767000000e+03 1.0272177458e+00 1.0258741975e-12
8.8775500000e+03 1.0200726986e+00 1.0258741975e-12
8.8784000000e+03 9.6299356222e-01 1.0258741975e-12
8.8792500000e+03 9.8681420088e-01 1.0258741975e-12
8.8801000000e+03 1.0430450439e+00 1.0258741975e-12
8.8809500000e+03 1.0567066669e+00 1.0258741975e-12
8.8818000000e+03 1.0333690643e+00 1.0258741975e-12
8.8826500000e+03 1.0337538719e+00 1.0258741975e-12
8.8835000000e+03 1.0293205976e+00 1.0258741975e-12
8.8843500000e+03 1.0146591663e+00 1.0258741975e-12
8.8852000000e+03 1.0284830332e+00 1.0258741975e-12
8.8860500000e+03 1.0459237099e+00 1.0258741975e-12
8.8869000000e+03 1.0376384258e+00 1.0258741975e-12
8.8877500000e+03 1.0486168861e+00 1.0258741975e-12
8.8886000000e+03 1.0662820339e+00 1.0258741975e-12
8.8894500000e+03 1.0426024199e+00 1.0258741975e-12
8.8903000000e+03 1.0349329710e+00 1.0258741975e-12
8.8911500000e+03 1.0330107212e+00 1.0258741975e-12
8.8920000000e+03 9.9017322063e-01 1.0258741975e-12
8.8928500000e+03 1.0142127275e+00 1.0258741975e-12
8.8937000000e+03 1.0532765388e+00 1.0258741975e-12
8.8945500000e+03 1.0572475195e+00 1.0258741975e-12
8.8954000000e+03 1.0480388403e+00 1.0258741975e-12
8.8962500000e+03 1.0644474030e+00 1.0258741975e-12
8.8971000000e+03 1.0509096384e+00 1.0258741975e-12
8.8979500000e+03 1.0493762493e+00 1.0258741975e-12
8.8988000000e+03 1.0434947014e+00 1.0258741975e-12
8.8996500000e+03 1.0437272787e+00 1.0258741975e-12
8.9005000000e+03 1.0608589649e+00 1.0258741975e-12
8.9013500000e+03 1.0583320856e+00 1.0258741975e-12
8.9022000000e+03 1.0512576103e+00 1.0258741975e-12
8.9030500000e+03 1.0571143627e+00 1.0258741975e-12
8.9039000000e+03 1.0326881409e+00 1.0258741975e-12
8.9047500000e+03 1.0522311926e+00 1.0258741975e-12
8.9056000000e+03 1.0451661348e+00 1.0258741975e-12
8.9064500000e+03 1.0394659042e+00 1.0258741975e-12
8.9073000000e+03 1.0588637590e+00 1.0258741975e-12
8.9081500000e+03 1.0567477942e+00 1.0258741975e-12
8.9090000000e+03 1.0242385864e+00 1.0258741975e-12
8.9098500000e+03 1.0214591026e+00 1.0258741975e-12
8.9107000000e+03 1.0657446384e+00 1.0258741975e-12
8.9115500000e+03 1.0243573189e+00 1.0258741975e-12
8.9124000000e+03 9.9712401628e-01 1.0258741975e-12
8.9132500000e+03 1.0203893185e+00 1.0258741975e-12
8.9141000000e+03 1.0577763319e+00 1.0258741975e-12
8.9149500000e+03 1.0588104725e+00 1.0258741975e-12
8.9158000000e+03 1.0412997007e+00 1.0258741975e-12
8.9166500000e+03 1.0352069139e+00 1.0258741975e-12
8.9175000000e+03 1.0406656265e+00 1.0258741975e-12
8.9183500000e+03 1.0190623999e+00 1.0258741975e-12
8.9192000000e+03 1.0038619041e+00 1.0258741975e-12
8.9200500000e+03 9.4571709633e-01 1.0258741975e-12
8.9209000000e+03 1.0166232586e+00 1.0258741975e-12
8.9217500000e+03 1.0394188166e+00 1.0258741975e-12
8.9226000000e+03 1.0146034956e+00 1.0258741975e-12
8.9234500000e+03 9.9527710676e-01 1.0258741975e-12
8.9243000000e+03 1.0289142132e+00 1.0258741975e-12
8.9251500000e+03 9.8424810171e-01 1.0258741975e-12
8.9260000000e+03 9.8573124409e-01 1.0258741975e-12
8.9268500000e+03 9.7756600380e-01 1.0258741975e-12
8.9277000000e+03 1.0177471638e+00 1.0258741975e-12
8.9285500000e+03 9.9318856001e-01 1.0258741975e-12
8.9294000000e+03 9.7775971889e-01 1.0258741975e-12
8.9302500000e+03 9.8697245121e-01 1.0258741975e-12
8.9311000000e+03 1.0212872028e+00 1.0258741975e-12
8.9319500000e+03 9.8214948177e-01 1.0258741975e-12
8.9328000000e+03 9.6323770285e-01 1.0258741975e-12
8.9336500000e+03 9.8735326529e-01 1.0258741975e-12
8.9345000000e+03 1.0126537085e+00 1.0258741975e-12
8.9353500000e+03 1.0339639187e+00 1.0258741975e-12
8.9362000000e+03 1.0370205641e+00 1.0258741975e-12
8.9370500000e+03 1.0354844332e+00 1.0258741975e-12
8.9379000000e+03 1.0421953201e+00 1.0258741975e-12
8.9387500000e+03 1.0420573950e+00 1.0258741975e-12
8.9396000000e+03 1.0259727240e+00 1.0258741975e-12
8.9404500000e+03 1.0101122856e+00 1.0258741975e-12
8.9413000000e+03 1.0199961662e+00 1.0258741975e-12
8.9421500000e+03 9.9364006519e-01 1.0258741975e-12
8.9430000000e+03 9.2249226570e-01 1.0258741975e-12
8.9438500000e+03 9.6508896351e-01 1.0258741975e-12
8.9447000000e+03 9.8545634747e-01 1.0258741975e-12
8.9455500000e+03 9.4966310263e-01 1.0258741975e-12
8.9464000000e+03 9.1392946243e-01 1.0258741975e-12
8.9472500000e+03 9.2476516962e-01 1.0258741975e-12
8.9481000000e+03 9.8340499401e-01 1.0258741975e-12
8.9489500000e+03 9.9191689491e-01 1.0258741975e-12
8.9498000000e+03 9.9081337452e-01 1.0258741975e-12
8.9506500000e+03 1.0164185762e+00 1.0258741975e-12
8.9515000000e+03 1.0124619007e+00 1.0258741975e-12
8.9523500000e+03 1.0023807287e+00 1.0258741975e-12
8.9532000000e+03 1.0291107893e+00 1.0258741975e-12
8.9540500000e+03 1.0078067780e+00 1.0258741975e-12
8.9549000000e+03 9.2087316513e-01 1.0258741975e-12
8.9557500000e+03 9.2379653454e-01 1.0258741975e-12
8.9566000000e+03 1.0037006140e+00 1.0258741975e-12
8.9574500000e+03 1.0276643038e+00 1.0258741975e-12
8.9583000000e+03 1.0327962637e+00 1.0258741975e-12
8.9591500000e+03 1.0345525742e+00 1.0258741975e-12
8.9600000000e+03 1.0269212723e+00 1.0258741975e-12
8.9608500000e+03 9.9593138695e-01 1.0258741975e-12
8.9617000000e+03 9.6364855766e-01 1.0258741975e-12
8.9625500000e+03 9.1912156343e-01 1.0258741975e-12
8.9634000000e+03 9.0655112267e-01 1.0258741975e-12
8.9642500000e+03 9.4620120525e-01 1.0258741975e-12
8.9651000000e+03 9.3766647577e-01 1.0258741975e-12
8.9659500000e+03 8.7189406157e-01 1.0258741975e-12
8.9668000000e+03 8.8589632511e-01 1.0258741975e-12
8.9676500000e+03 9.3106472492e-01 1.0258741975e-12
8.9685000000e+03 9.6339112520e-01 1.0258741975e-12
8.9693500000e+03 9.7866767645e-01 1.0258741975e-12
8.9702000000e+03 9.9532645941e-01 1.0258741975e-12
8.9710500000e+03 9.2144721746e-01 1.0258741975e-12
8.9719000000e+03 8.5409754515e-01 1.0258741975e-12
8.9727500000e+03 9.2666578293e-01 1.0258741975e-12
8.9736000000e+03 9.8043048382e-01 1.0258741975e-12
8.9744500000e+03 9.3069142103e-01 1.0258741975e-12
8.9753000000e+03 8.6712855101e-01 1.0258741975e-12
8.9761500000e+03 8.9423370361e-01 1.0258741975e-12
8.9770000000e+03 9.5691651106e-01 1.0258741975e-12
8.9778500000e+03 1.0059076548e+00 1.0258741975e-12
8.9787000000e+03 1.0253688097e+00 1.0258741975e-12
8.9795500000e+03 1.0161108971e+00 1.0258741975e-12
8.9804000000e+03 9.1660594940e-01 1.0258741975e-12
8.9812500000e+03 8.8251650333e-01 1.0258741975e-12
8.9821000000e+03 9.8011994362e-01 1.0258741975e-12
8.9829500000e+03 1.0312855244e+00 1.0258741975e-12
8.9838000000e+03 1.0284180641e+00 1.0258741975e-12
8.9846500000e+03 9.8627847433e-01 1.0258741975e-12
8.9855000000e+03 9.7041845322e-01 1.0258741975e-12
8.9863500000e+03 9.2445951700e-01 1.0258741975e-12
8.9872000000e+03 8.0899602175e-01 1.0258741975e-12
8.9880500000e+03 7.8763389587e-01 1.0258741975e-12
8.9889000000e+03 8.2400441170e-01 1.0258741975e-12
8.9897500000e+03 8.8727378845e-01 1.0258741975e-12
8.9906000000e+03 8.8046854734e-01 1.0258741975e-12
8.9914500000e+03 7.5840997696e-01 1.0258741975e-12
8.9923000000e+03 7.5449973345e-01 1.0258741975e-12
8.9931500000e+03 8.8751477003e-01 1.0258741975e-12
8.9940000000e+03 9.6006226540e-01 1.0258741975e-12
8.9948500000e+03 9.8014265299e-01 1.0258741975e-12
8.9957000000e+03 1.0190458298e+00 1.0258741975e-12
8.9965500000e+03 1.0288200378e+00 1.0258741975e-12
8.9974000000e+03 1.0185167789e+00 1.0258741975e-12
8.9982500000e+03 1.0303354263e+00 1.0258741975e-12
8.9991000000e+03 9.1083395481e-01 1.0258741975e-12
8.9999500000e+03 7.9247349501e-01 1.0258741975e-12
9.0008000000e+03 7.6309180260e-01 1.0258741975e-12
9.0016500000e+03 8.6725282669e-01 1.0258741975e-12
9.0025000000e+03 9.7988927364e-01 1.0258741975e-12
9.0033500000e+03 9.2947632074e-01 1.0258741975e-12
9.0042000000e+03 8.7747019529e-01 1.0258741975e-12
9.0050500000e+03 9.4580912590e-01 1.0258741975e-12
9.0059000000e+03 1.0058931112e+00 1.0258741975e-12
9.0067500000e+03 9.6179568768e-01 1.0258741975e-12
9.0076000000e+03 8.8607531786e-01 1.0258741975e-12
9.0084500000e+03 8.8040107489e-01 1.0258741975e-12
9.0093000000e+03 8.9589166641e-01 1.0258741975e-12
9.0101500000e+03 8.8138771057e-01 1.0258741975e-12
9.0110000000e+03 9.2878848314e-01 1.0258741975e-12
9.0118500000e+03 8.5030484200e-01 1.0258741975e-12
9.0127000000e+03 8.9529836178e-01 1.0258741975e-12
9.0135500000e+03 9.2790406942e-01 1.0258741975e-12
9.0144000000e+03 9.6048414707e-01 1.0258741975e-12
9.0152500000e+03 9.6980756521e-01 1.0258741975e-12
9.0161000000e+03 9.4731694460e-01 1.0258741975e-12
9.0169500000e+03 7.4101787806e-01 1.0258741975e-12
9.0178000000e+03 8.4113794565e-01 1.0258741975e-12
9.0186500000e+03 9.5549333096e-01 1.0258741975e-12
9.0195000000e+03 9.8392593861e-01 1.0258741975e-12
