# CaT template converted from scan542.fits
# scan_id = scan542
# name = HD175545
# spectral_type = K2III
# template_category = k_giant
# wavelength_unit = Angstrom
# flux_unit = relative_flux_not_absolute
# flux_error_unit = relative_flux_not_absolute
# flux_note = Cenarro et al. 2001 did not obtain absolute fluxes; spectra are relatively flux calibrated.
# error_note = Original downloaded FITS files contain no per-pixel error extension.
# pseudo_error_note = flux_error column is tiny positive pseudo-error for fitter compatibility
# spectral_resolution_fwhm_A = 1.50 for most stars; some cluster stars from runs 5/6 may retain original FWHM.
# normalized_before_writing = False
# normalization_factor = 1.0000000000e+00
# OBJECT_header = HD175545
# BUNIT_header = MISSING
# CRVAL1 = 8348.85
# CDELT1 = 0.85
# NAXIS1 = 790
# columns: wavelength flux flux_error
8.3488500000e+03 9.7107559443e-01 1.0185922384e-12
8.3497000000e+03 9.8249673843e-01 1.0185922384e-12
8.3505500000e+03 1.0422786474e+00 1.0185922384e-12
8.3514000000e+03 1.0821403265e+00 1.0185922384e-12
8.3522500000e+03 1.0611999035e+00 1.0185922384e-12
8.3531000000e+03 1.0155593157e+00 1.0185922384e-12
8.3539500000e+03 9.8937994242e-01 1.0185922384e-12
8.3548000000e+03 1.0008070469e+00 1.0185922384e-12
8.3556500000e+03 1.0305880308e+00 1.0185922384e-12
8.3565000000e+03 1.0249689817e+00 1.0185922384e-12
8.3573500000e+03 9.8047834635e-01 1.0185922384e-12
8.3582000000e+03 9.7077816725e-01 1.0185922384e-12
8.3590500000e+03 1.0252125263e+00 1.0185922384e-12
8.3599000000e+03 1.0557956696e+00 1.0185922384e-12
8.3607500000e+03 1.0528852940e+00 1.0185922384e-12
8.3616000000e+03 1.0478092432e+00 1.0185922384e-12
8.3624500000e+03 9.9604946375e-01 1.0185922384e-12
8.3633000000e+03 9.4037950039e-01 1.0185922384e-12
8.3641500000e+03 9.5575314760e-01 1.0185922384e-12
8.3650000000e+03 9.9522048235e-01 1.0185922384e-12
8.3658500000e+03 1.0276269913e+00 1.0185922384e-12
8.3667000000e+03 1.0713421106e+00 1.0185922384e-12
8.3675500000e+03 1.0755369663e+00 1.0185922384e-12
8.3684000000e+03 1.0708318949e+00 1.0185922384e-12
8.3692500000e+03 1.0650566816e+00 1.0185922384e-12
8.3701000000e+03 1.0534063578e+00 1.0185922384e-12
8.3709500000e+03 1.0559567213e+00 1.0185922384e-12
8.3718000000e+03 1.0489037037e+00 1.0185922384e-12
8.3726500000e+03 1.0530432463e+00 1.0185922384e-12
8.3735000000e+03 1.0517163277e+00 1.0185922384e-12
8.3743500000e+03 1.0463649035e+00 1.0185922384e-12
8.3752000000e+03 1.0691560507e+00 1.0185922384e-12
8.3760500000e+03 1.0441449881e+00 1.0185922384e-12
8.3769000000e+03 9.6833908558e-01 1.0185922384e-12
8.3777500000e+03 9.4572013617e-01 1.0185922384e-12
8.3786000000e+03 1.0219004154e+00 1.0185922384e-12
8.3794500000e+03 1.0937786102e+00 1.0185922384e-12
8.3803000000e+03 1.1148741245e+00 1.0185922384e-12
8.3811500000e+03 1.0644736290e+00 1.0185922384e-12
8.3820000000e+03 9.4098353386e-01 1.0185922384e-12
8.3828500000e+03 8.8640600443e-01 1.0185922384e-12
8.3837000000e+03 9.6214824915e-01 1.0185922384e-12
8.3845500000e+03 1.0293772221e+00 1.0185922384e-12
8.3854000000e+03 1.0238600969e+00 1.0185922384e-12
8.3862500000e+03 9.7308063507e-01 1.0185922384e-12
8.3871000000e+03 9.1163885593e-01 1.0185922384e-12
8.3879500000e+03 8.9744645357e-01 1.0185922384e-12
8.3888000000e+03 9.5242047310e-01 1.0185922384e-12
8.3896500000e+03 1.0054346323e+00 1.0185922384e-12
8.3905000000e+03 1.0278699398e+00 1.0185922384e-12
8.3913500000e+03 1.0598200560e+00 1.0185922384e-12
8.3922000000e+03 1.0982451439e+00 1.0185922384e-12
8.3930500000e+03 1.1030052900e+00 1.0185922384e-12
8.3939000000e+03 1.0676076412e+00 1.0185922384e-12
8.3947500000e+03 1.0401012897e+00 1.0185922384e-12
8.3956000000e+03 1.0315362215e+00 1.0185922384e-12
8.3964500000e+03 1.0071567297e+00 1.0185922384e-12
8.3973000000e+03 1.0004427433e+00 1.0185922384e-12
8.3981500000e+03 1.0347455740e+00 1.0185922384e-12
8.3990000000e+03 1.0651804209e+00 1.0185922384e-12
8.3998500000e+03 1.0761567354e+00 1.0185922384e-12
8.4007000000e+03 1.0451358557e+00 1.0185922384e-12
8.4015500000e+03 1.0121021271e+00 1.0185922384e-12
8.4024000000e+03 1.0289061069e+00 1.0185922384e-12
8.4032500000e+03 1.0679240227e+00 1.0185922384e-12
8.4041000000e+03 1.0682029724e+00 1.0185922384e-12
8.4049500000e+03 1.0373871326e+00 1.0185922384e-12
8.4058000000e+03 1.0401011705e+00 1.0185922384e-12
8.4066500000e+03 1.0619189739e+00 1.0185922384e-12
8.4075000000e+03 1.0540511608e+00 1.0185922384e-12
8.4083500000e+03 1.0357452631e+00 1.0185922384e-12
8.4092000000e+03 1.0394427776e+00 1.0185922384e-12
8.4100500000e+03 1.0466046333e+00 1.0185922384e-12
8.4109000000e+03 1.0239788294e+00 1.0185922384e-12
8.4117500000e+03 9.7232288122e-01 1.0185922384e-12
8.4126000000e+03 9.7899925709e-01 1.0185922384e-12
8.4134500000e+03 1.0379539728e+00 1.0185922384e-12
8.4143000000e+03 1.0608280897e+00 1.0185922384e-12
8.4151500000e+03 1.0659210682e+00 1.0185922384e-12
8.4160000000e+03 1.0420737267e+00 1.0185922384e-12
8.4168500000e+03 1.0153005123e+00 1.0185922384e-12
8.4177000000e+03 1.0200258493e+00 1.0185922384e-12
8.4185500000e+03 1.0258300304e+00 1.0185922384e-12
8.4194000000e+03 1.0066295862e+00 1.0185922384e-12
8.4202500000e+03 1.0149211884e+00 1.0185922384e-12
8.4211000000e+03 1.0465155840e+00 1.0185922384e-12
8.4219500000e+03 1.0479960442e+00 1.0185922384e-12
8.4228000000e+03 1.0153319836e+00 1.0185922384e-12
8.4236500000e+03 1.0053673983e+00 1.0185922384e-12
8.4245000000e+03 1.0095617771e+00 1.0185922384e-12
8.4253500000e+03 9.7203433514e-01 1.0185922384e-12
8.4262000000e+03 9.1564196348e-01 1.0185922384e-12
8.4270500000e+03 9.4701290131e-01 1.0185922384e-12
8.4279000000e+03 1.0379137993e+00 1.0185922384e-12
8.4287500000e+03 1.0887879133e+00 1.0185922384e-12
8.4296000000e+03 1.0944850445e+00 1.0185922384e-12
8.4304500000e+03 1.0812983513e+00 1.0185922384e-12
8.4313000000e+03 1.0662398338e+00 1.0185922384e-12
8.4321500000e+03 1.0744373798e+00 1.0185922384e-12
8.4330000000e+03 1.0796667337e+00 1.0185922384e-12
8.4338500000e+03 1.0089908838e+00 1.0185922384e-12
8.4347000000e+03 8.9500659704e-01 1.0185922384e-12
8.4355500000e+03 8.8101148605e-01 1.0185922384e-12
8.4364000000e+03 9.6730762720e-01 1.0185922384e-12
8.4372500000e+03 1.0269334316e+00 1.0185922384e-12
8.4381000000e+03 1.0078910589e+00 1.0185922384e-12
8.4389500000e+03 9.5798397064e-01 1.0185922384e-12
8.4398000000e+03 9.6271646023e-01 1.0185922384e-12
8.4406500000e+03 1.0083934069e+00 1.0185922384e-12
8.4415000000e+03 1.0367988348e+00 1.0185922384e-12
8.4423500000e+03 1.0548807383e+00 1.0185922384e-12
8.4432000000e+03 1.0594521761e+00 1.0185922384e-12
8.4440500000e+03 1.0492821932e+00 1.0185922384e-12
8.4449000000e+03 1.0355666876e+00 1.0185922384e-12
8.4457500000e+03 1.0115005970e+00 1.0185922384e-12
8.4466000000e+03 1.0014095306e+00 1.0185922384e-12
8.4474500000e+03 1.0240371227e+00 1.0185922384e-12
8.4483000000e+03 1.0519986153e+00 1.0185922384e-12
8.4491500000e+03 1.0430886745e+00 1.0185922384e-12
8.4500000000e+03 9.9929064512e-01 1.0185922384e-12
8.4508500000e+03 1.0171004534e+00 1.0185922384e-12
8.4517000000e+03 1.0828001499e+00 1.0185922384e-12
8.4525500000e+03 1.1076946259e+00 1.0185922384e-12
8.4534000000e+03 1.0894216299e+00 1.0185922384e-12
8.4542500000e+03 1.0726695061e+00 1.0185922384e-12
8.4551000000e+03 1.0499178171e+00 1.0185922384e-12
8.4559500000e+03 1.0242686272e+00 1.0185922384e-12
8.4568000000e+03 1.0190517902e+00 1.0185922384e-12
8.4576500000e+03 1.0344439745e+00 1.0185922384e-12
8.4585000000e+03 1.0543198586e+00 1.0185922384e-12
8.4593500000e+03 1.0517332554e+00 1.0185922384e-12
8.4602000000e+03 1.0503365993e+00 1.0185922384e-12
8.4610500000e+03 1.0709142685e+00 1.0185922384e-12
8.4619000000e+03 1.0987454653e+00 1.0185922384e-12
8.4627500000e+03 1.0942819118e+00 1.0185922384e-12
8.4636000000e+03 1.0695371628e+00 1.0185922384e-12
8.4644500000e+03 1.0466761589e+00 1.0185922384e-12
8.4653000000e+03 1.0083179474e+00 1.0185922384e-12
8.4661500000e+03 9.9395132065e-01 1.0185922384e-12
8.4670000000e+03 9.9323183298e-01 1.0185922384e-12
8.4678500000e+03 9.5240950584e-01 1.0185922384e-12
8.4687000000e+03 9.4284862280e-01 1.0185922384e-12
8.4695500000e+03 1.0186527967e+00 1.0185922384e-12
8.4704000000e+03 1.0450489521e+00 1.0185922384e-12
8.4712500000e+03 1.0246480703e+00 1.0185922384e-12
8.4721000000e+03 1.0272275209e+00 1.0185922384e-12
8.4729500000e+03 1.0639050007e+00 1.0185922384e-12
8.4738000000e+03 1.0821509361e+00 1.0185922384e-12
8.4746500000e+03 1.0860075951e+00 1.0185922384e-12
8.4755000000e+03 1.0822573900e+00 1.0185922384e-12
8.4763500000e+03 1.0693262815e+00 1.0185922384e-12
8.4772000000e+03 1.0561625957e+00 1.0185922384e-12
8.4780500000e+03 1.0571089983e+00 1.0185922384e-12
8.4789000000e+03 1.0595103502e+00 1.0185922384e-12
8.4797500000e+03 1.0406941175e+00 1.0185922384e-12
8.4806000000e+03 1.0185264349e+00 1.0185922384e-12
8.4814500000e+03 1.0161374807e+00 1.0185922384e-12
8.4823000000e+03 1.0237852335e+00 1.0185922384e-12
8.4831500000e+03 1.0434114933e+00 1.0185922384e-12
8.4840000000e+03 1.0714432001e+00 1.0185922384e-12
8.4848500000e+03 1.0831403732e+00 1.0185922384e-12
8.4857000000e+03 1.0846605301e+00 1.0185922384e-12
8.4865500000e+03 1.0690640211e+00 1.0185922384e-12
8.4874000000e+03 1.0285722017e+00 1.0185922384e-12
8.4882500000e+03 1.0179666281e+00 1.0185922384e-12
8.4891000000e+03 1.0559866428e+00 1.0185922384e-12
8.4899500000e+03 1.0823900700e+00 1.0185922384e-12
8.4908000000e+03 1.0656549931e+00 1.0185922384e-12
8.4916500000e+03 1.0419124365e+00 1.0185922384e-12
8.4925000000e+03 1.0343579054e+00 1.0185922384e-12
8.4933500000e+03 1.0264513493e+00 1.0185922384e-12
8.4942000000e+03 1.0182410479e+00 1.0185922384e-12
8.4950500000e+03 1.0051971674e+00 1.0185922384e-12
8.4959000000e+03 9.4415783882e-01 1.0185922384e-12
8.4967500000e+03 7.9153704643e-01 1.0185922384e-12
8.4976000000e+03 6.2080693245e-01 1.0185922384e-12
8.4984500000e+03 6.3691145182e-01 1.0185922384e-12
8.4993000000e+03 8.2539856434e-01 1.0185922384e-12
8.5001500000e+03 9.6149230003e-01 1.0185922384e-12
8.5010000000e+03 1.0002834797e+00 1.0185922384e-12
8.5018500000e+03 9.9237680435e-01 1.0185922384e-12
8.5027000000e+03 9.8569005728e-01 1.0185922384e-12
8.5035500000e+03 1.0011748075e+00 1.0185922384e-12
8.5044000000e+03 1.0157592297e+00 1.0185922384e-12
8.5052500000e+03 1.0353652239e+00 1.0185922384e-12
8.5061000000e+03 1.0618368387e+00 1.0185922384e-12
8.5069500000e+03 1.0782251358e+00 1.0185922384e-12
8.5078000000e+03 1.0893173218e+00 1.0185922384e-12
8.5086500000e+03 1.0875527859e+00 1.0185922384e-12
8.5095000000e+03 1.0745747089e+00 1.0185922384e-12
8.5103500000e+03 1.0539714098e+00 1.0185922384e-12
8.5112000000e+03 1.0433260202e+00 1.0185922384e-12
8.5120500000e+03 1.0358567238e+00 1.0185922384e-12
8.5129000000e+03 9.9831551313e-01 1.0185922384e-12
8.5137500000e+03 9.2825853825e-01 1.0185922384e-12
8.5146000000e+03 8.9578855038e-01 1.0185922384e-12
8.5154500000e+03 9.5912480354e-01 1.0185922384e-12
8.5163000000e+03 1.0204070807e+00 1.0185922384e-12
8.5171500000e+03 9.9345517159e-01 1.0185922384e-12
8.5180000000e+03 9.6842217445e-01 1.0185922384e-12
8.5188500000e+03 1.0004409552e+00 1.0185922384e-12
8.5197000000e+03 1.0344177485e+00 1.0185922384e-12
8.5205500000e+03 1.0231107473e+00 1.0185922384e-12
8.5214000000e+03 1.0186407566e+00 1.0185922384e-12
8.5222500000e+03 1.0337539911e+00 1.0185922384e-12
8.5231000000e+03 1.0411735773e+00 1.0185922384e-12
8.5239500000e+03 1.0495237112e+00 1.0185922384e-12
8.5248000000e+03 1.0306173563e+00 1.0185922384e-12
8.5256500000e+03 9.9248766899e-01 1.0185922384e-12
8.5265000000e+03 9.7554349899e-01 1.0185922384e-12
8.5273500000e+03 9.9317836761e-01 1.0185922384e-12
8.5282000000e+03 1.0300223827e+00 1.0185922384e-12
8.5290500000e+03 1.0494607687e+00 1.0185922384e-12
8.5299000000e+03 1.0428496599e+00 1.0185922384e-12
8.5307500000e+03 1.0303143263e+00 1.0185922384e-12
8.5316000000e+03 1.0170217752e+00 1.0185922384e-12
8.5324500000e+03 1.0272591114e+00 1.0185922384e-12
8.5333000000e+03 1.0391827822e+00 1.0185922384e-12
8.5341500000e+03 1.0301319361e+00 1.0185922384e-12
8.5350000000e+03 1.0012001991e+00 1.0185922384e-12
8.5358500000e+03 9.7411948442e-01 1.0185922384e-12
8.5367000000e+03 9.4898301363e-01 1.0185922384e-12
8.5375500000e+03 9.0212345123e-01 1.0185922384e-12
8.5384000000e+03 8.5342001915e-01 1.0185922384e-12
8.5392500000e+03 8.0294561386e-01 1.0185922384e-12
8.5401000000e+03 7.1161109209e-01 1.0185922384e-12
8.5409500000e+03 5.4764747620e-01 1.0185922384e-12
8.5418000000e+03 4.0785822272e-01 1.0185922384e-12
8.5426500000e+03 4.5433670282e-01 1.0185922384e-12
8.5435000000e+03 6.2581586838e-01 1.0185922384e-12
8.5443500000e+03 7.7322846651e-01 1.0185922384e-12
8.5452000000e+03 8.6476504803e-01 1.0185922384e-12
8.5460500000e+03 9.1350919008e-01 1.0185922384e-12
8.5469000000e+03 9.2646598816e-01 1.0185922384e-12
8.5477500000e+03 9.2206043005e-01 1.0185922384e-12
8.5486000000e+03 9.3907994032e-01 1.0185922384e-12
8.5494500000e+03 9.7182154655e-01 1.0185922384e-12
8.5503000000e+03 9.8335784674e-01 1.0185922384e-12
8.5511500000e+03 9.9747163057e-01 1.0185922384e-12
8.5520000000e+03 1.0337417126e+00 1.0185922384e-12
8.5528500000e+03 1.0567942858e+00 1.0185922384e-12
8.5537000000e+03 1.0428663492e+00 1.0185922384e-12
8.5545500000e+03 1.0037051439e+00 1.0185922384e-12
8.5554000000e+03 9.7369194031e-01 1.0185922384e-12
8.5562500000e+03 9.7017830610e-01 1.0185922384e-12
8.5571000000e+03 1.0016263723e+00 1.0185922384e-12
8.5579500000e+03 1.0502655506e+00 1.0185922384e-12
8.5588000000e+03 1.0620322227e+00 1.0185922384e-12
8.5596500000e+03 1.0446159840e+00 1.0185922384e-12
8.5605000000e+03 1.0314289331e+00 1.0185922384e-12
8.5613500000e+03 1.0229221582e+00 1.0185922384e-12
8.5622000000e+03 1.0300772190e+00 1.0185922384e-12
8.5630500000e+03 1.0457639694e+00 1.0185922384e-12
8.5639000000e+03 1.0509281158e+00 1.0185922384e-12
8.5647500000e+03 1.0500557423e+00 1.0185922384e-12
8.5656000000e+03 1.0480151176e+00 1.0185922384e-12
8.5664500000e+03 1.0456075668e+00 1.0185922384e-12
8.5673000000e+03 1.0459972620e+00 1.0185922384e-12
8.5681500000e+03 1.0451269150e+00 1.0185922384e-12
8.5690000000e+03 1.0253571272e+00 1.0185922384e-12
8.5698500000e+03 1.0045086145e+00 1.0185922384e-12
8.5707000000e+03 1.0171176195e+00 1.0185922384e-12
8.5715500000e+03 1.0313529968e+00 1.0185922384e-12
8.5724000000e+03 1.0298279524e+00 1.0185922384e-12
8.5732500000e+03 1.0329378843e+00 1.0185922384e-12
8.5741000000e+03 1.0215269327e+00 1.0185922384e-12
8.5749500000e+03 1.0136489868e+00 1.0185922384e-12
8.5758000000e+03 1.0264892578e+00 1.0185922384e-12
8.5766500000e+03 1.0474919081e+00 1.0185922384e-12
8.5775000000e+03 1.0594567060e+00 1.0185922384e-12
8.5783500000e+03 1.0727796555e+00 1.0185922384e-12
8.5792000000e+03 1.0827928782e+00 1.0185922384e-12
8.5800500000e+03 1.0848460197e+00 1.0185922384e-12
8.5809000000e+03 1.0568002462e+00 1.0185922384e-12
8.5817500000e+03 9.9062913656e-01 1.0185922384e-12
8.5826000000e+03 9.6121889353e-01 1.0185922384e-12
8.5834500000e+03 1.0060161352e+00 1.0185922384e-12
8.5843000000e+03 1.0347334146e+00 1.0185922384e-12
8.5851500000e+03 1.0347192287e+00 1.0185922384e-12
8.5860000000e+03 1.0411567688e+00 1.0185922384e-12
8.5868500000e+03 1.0506936312e+00 1.0185922384e-12
8.5877000000e+03 1.0530521870e+00 1.0185922384e-12
8.5885500000e+03 1.0449273586e+00 1.0185922384e-12
8.5894000000e+03 1.0438166857e+00 1.0185922384e-12
8.5902500000e+03 1.0413632393e+00 1.0185922384e-12
8.5911000000e+03 1.0307238102e+00 1.0185922384e-12
8.5919500000e+03 1.0213556290e+00 1.0185922384e-12
8.5928000000e+03 1.0259610415e+00 1.0185922384e-12
8.5936500000e+03 1.0537794828e+00 1.0185922384e-12
8.5945000000e+03 1.0755525827e+00 1.0185922384e-12
8.5953500000e+03 1.0568534136e+00 1.0185922384e-12
8.5962000000e+03 1.0258418322e+00 1.0185922384e-12
8.5970500000e+03 1.0200581551e+00 1.0185922384e-12
8.5979000000e+03 1.0190052986e+00 1.0185922384e-12
8.5987500000e+03 1.0176692009e+00 1.0185922384e-12
8.5996000000e+03 1.0489625931e+00 1.0185922384e-12
8.6004500000e+03 1.0712612867e+00 1.0185922384e-12
8.6013000000e+03 1.0686928034e+00 1.0185922384e-12
8.6021500000e+03 1.0524487495e+00 1.0185922384e-12
8.6030000000e+03 1.0362695456e+00 1.0185922384e-12
8.6038500000e+03 1.0312337875e+00 1.0185922384e-12
8.6047000000e+03 1.0282253027e+00 1.0185922384e-12
8.6055500000e+03 1.0245954990e+00 1.0185922384e-12
8.6064000000e+03 1.0234646797e+00 1.0185922384e-12
8.6072500000e+03 1.0220067501e+00 1.0185922384e-12
8.6081000000e+03 1.0343214273e+00 1.0185922384e-12
8.6089500000e+03 1.0344011784e+00 1.0185922384e-12
8.6098000000e+03 1.0067213774e+00 1.0185922384e-12
8.6106500000e+03 9.6409106255e-01 1.0185922384e-12
8.6115000000e+03 9.4657260180e-01 1.0185922384e-12
8.6123500000e+03 9.9326121807e-01 1.0185922384e-12
8.6132000000e+03 1.0315936804e+00 1.0185922384e-12
8.6140500000e+03 1.0352240801e+00 1.0185922384e-12
8.6149000000e+03 1.0513132811e+00 1.0185922384e-12
8.6157500000e+03 1.0479654074e+00 1.0185922384e-12
8.6166000000e+03 1.0420453548e+00 1.0185922384e-12
8.6174500000e+03 1.0521882772e+00 1.0185922384e-12
8.6183000000e+03 1.0474693775e+00 1.0185922384e-12
8.6191500000e+03 1.0541317463e+00 1.0185922384e-12
8.6200000000e+03 1.0631514788e+00 1.0185922384e-12
8.6208500000e+03 1.0249977112e+00 1.0185922384e-12
8.6217000000e+03 9.8072057962e-01 1.0185922384e-12
8.6225500000e+03 9.9821019173e-01 1.0185922384e-12
8.6234000000e+03 1.0376824141e+00 1.0185922384e-12
8.6242500000e+03 1.0618357658e+00 1.0185922384e-12
8.6251000000e+03 1.0725976229e+00 1.0185922384e-12
8.6259500000e+03 1.0662024021e+00 1.0185922384e-12
8.6268000000e+03 1.0583220720e+00 1.0185922384e-12
8.6276500000e+03 1.0566793680e+00 1.0185922384e-12
8.6285000000e+03 1.0539238453e+00 1.0185922384e-12
8.6293500000e+03 1.0523120165e+00 1.0185922384e-12
8.6302000000e+03 1.0591255426e+00 1.0185922384e-12
8.6310500000e+03 1.0484253168e+00 1.0185922384e-12
8.6319000000e+03 1.0306922197e+00 1.0185922384e-12
8.6327500000e+03 1.0310049057e+00 1.0185922384e-12
8.6336000000e+03 1.0285893679e+00 1.0185922384e-12
8.6344500000e+03 1.0349042416e+00 1.0185922384e-12
8.6353000000e+03 1.0523753166e+00 1.0185922384e-12
8.6361500000e+03 1.0552657843e+00 1.0185922384e-12
8.6370000000e+03 1.0481753349e+00 1.0185922384e-12
8.6378500000e+03 1.0521914959e+00 1.0185922384e-12
8.6387000000e+03 1.0649341345e+00 1.0185922384e-12
8.6395500000e+03 1.0644743443e+00 1.0185922384e-12
8.6404000000e+03 1.0502988100e+00 1.0185922384e-12
8.6412500000e+03 1.0330344439e+00 1.0185922384e-12
8.6421000000e+03 1.0221966505e+00 1.0185922384e-12
8.6429500000e+03 1.0228923559e+00 1.0185922384e-12
8.6438000000e+03 1.0345184803e+00 1.0185922384e-12
8.6446500000e+03 1.0504034758e+00 1.0185922384e-12
8.6455000000e+03 1.0556417704e+00 1.0185922384e-12
8.6463500000e+03 1.0518836975e+00 1.0185922384e-12
8.6472000000e+03 1.0359423161e+00 1.0185922384e-12
8.6480500000e+03 1.0013313293e+00 1.0185922384e-12
8.6489000000e+03 9.9178349972e-01 1.0185922384e-12
8.6497500000e+03 1.0196280479e+00 1.0185922384e-12
8.6506000000e+03 1.0295765400e+00 1.0185922384e-12
8.6514500000e+03 1.0245139599e+00 1.0185922384e-12
8.6523000000e+03 1.0307300091e+00 1.0185922384e-12
8.6531500000e+03 1.0255916119e+00 1.0185922384e-12
8.6540000000e+03 1.0015255213e+00 1.0185922384e-12
8.6548500000e+03 1.0017292500e+00 1.0185922384e-12
8.6557000000e+03 1.0224670172e+00 1.0185922384e-12
8.6565500000e+03 1.0066772699e+00 1.0185922384e-12
8.6574000000e+03 9.7385585308e-01 1.0185922384e-12
8.6582500000e+03 9.4919884205e-01 1.0185922384e-12
8.6591000000e+03 9.0583086014e-01 1.0185922384e-12
8.6599500000e+03 8.1844520569e-01 1.0185922384e-12
8.6608000000e+03 6.5689587593e-01 1.0185922384e-12
8.6616500000e+03 4.7014230490e-01 1.0185922384e-12
8.6625000000e+03 4.4944369793e-01 1.0185922384e-12
8.6633500000e+03 6.1997908354e-01 1.0185922384e-12
8.6642000000e+03 7.8681433201e-01 1.0185922384e-12
8.6650500000e+03 8.8868910074e-01 1.0185922384e-12
8.6659000000e+03 9.4801050425e-01 1.0185922384e-12
8.6667500000e+03 9.7108203173e-01 1.0185922384e-12
8.6676000000e+03 9.6806722879e-01 1.0185922384e-12
8.6684500000e+03 9.7500461340e-01 1.0185922384e-12
8.6693000000e+03 1.0032986403e+00 1.0185922384e-12
8.6701500000e+03 1.0123620033e+00 1.0185922384e-12
8.6710000000e+03 9.9563342333e-01 1.0185922384e-12
8.6718500000e+03 9.9245262146e-01 1.0185922384e-12
8.6727000000e+03 9.8948431015e-01 1.0185922384e-12
8.6735500000e+03 9.5959067345e-01 1.0185922384e-12
8.6744000000e+03 9.0204274654e-01 1.0185922384e-12
8.6752500000e+03 8.9969509840e-01 1.0185922384e-12
8.6761000000e+03 9.8249644041e-01 1.0185922384e-12
8.6769500000e+03 1.0426135063e+00 1.0185922384e-12
8.6778000000e+03 1.0376572609e+00 1.0185922384e-12
8.6786500000e+03 1.0083035231e+00 1.0185922384e-12
8.6795000000e+03 9.8556649685e-01 1.0185922384e-12
8.6803500000e+03 9.9326664209e-01 1.0185922384e-12
8.6812000000e+03 1.0117754936e+00 1.0185922384e-12
8.6820500000e+03 9.9863266945e-01 1.0185922384e-12
8.6829000000e+03 9.7455805540e-01 1.0185922384e-12
8.6837500000e+03 9.9302548170e-01 1.0185922384e-12
8.6846000000e+03 1.0307848454e+00 1.0185922384e-12
8.6854500000e+03 1.0438230038e+00 1.0185922384e-12
8.6863000000e+03 1.0237582922e+00 1.0185922384e-12
8.6871500000e+03 9.6704149246e-01 1.0185922384e-12
8.6880000000e+03 8.4898304939e-01 1.0185922384e-12
8.6888500000e+03 7.9892718792e-01 1.0185922384e-12
8.6897000000e+03 9.0729480982e-01 1.0185922384e-12
8.6905500000e+03 1.0014704466e+00 1.0185922384e-12
8.6914000000e+03 1.0261390209e+00 1.0185922384e-12
8.6922500000e+03 1.0170897245e+00 1.0185922384e-12
8.6931000000e+03 1.0320056677e+00 1.0185922384e-12
8.6939500000e+03 1.0404454470e+00 1.0185922384e-12
8.6948000000e+03 1.0254865885e+00 1.0185922384e-12
8.6956500000e+03 1.0275799036e+00 1.0185922384e-12
8.6965000000e+03 1.0417469740e+00 1.0185922384e-12
8.6973500000e+03 1.0374504328e+00 1.0185922384e-12
8.6982000000e+03 1.0035932064e+00 1.0185922384e-12
8.6990500000e+03 9.6140170097e-01 1.0185922384e-12
8.6999000000e+03 9.7376412153e-01 1.0185922384e-12
8.7007500000e+03 1.0033935308e+00 1.0185922384e-12
8.7016000000e+03 1.0049334764e+00 1.0185922384e-12
8.7024500000e+03 9.9718892574e-01 1.0185922384e-12
8.7033000000e+03 9.9615269899e-01 1.0185922384e-12
8.7041500000e+03 1.0107231140e+00 1.0185922384e-12
8.7050000000e+03 1.0317018032e+00 1.0185922384e-12
8.7058500000e+03 1.0291457176e+00 1.0185922384e-12
8.7067000000e+03 1.0164788961e+00 1.0185922384e-12
8.7075500000e+03 1.0133202076e+00 1.0185922384e-12
8.7084000000e+03 1.0144569874e+00 1.0185922384e-12
8.7092500000e+03 9.9133306742e-01 1.0185922384e-12
8.7101000000e+03 9.6240562201e-01 1.0185922384e-12
8.7109500000e+03 9.8448562622e-01 1.0185922384e-12
8.7118000000e+03 9.9565273523e-01 1.0185922384e-12
8.7126500000e+03 9.4823384285e-01 1.0185922384e-12
8.7135000000e+03 9.5735782385e-01 1.0185922384e-12
8.7143500000e+03 1.0162947178e+00 1.0185922384e-12
8.7152000000e+03 1.0442960262e+00 1.0185922384e-12
8.7160500000e+03 1.0394253731e+00 1.0185922384e-12
8.7169000000e+03 1.0171146393e+00 1.0185922384e-12
8.7177500000e+03 9.9686717987e-01 1.0185922384e-12
8.7186000000e+03 1.0167460442e+00 1.0185922384e-12
8.7194500000e+03 1.0424485207e+00 1.0185922384e-12
8.7203000000e+03 1.0463168621e+00 1.0185922384e-12
8.7211500000e+03 1.0461484194e+00 1.0185922384e-12
8.7220000000e+03 1.0465438366e+00 1.0185922384e-12
8.7228500000e+03 1.0333826542e+00 1.0185922384e-12
8.7237000000e+03 1.0202876329e+00 1.0185922384e-12
8.7245500000e+03 1.0157276392e+00 1.0185922384e-12
8.7254000000e+03 1.0339587927e+00 1.0185922384e-12
8.7262500000e+03 1.0410940647e+00 1.0185922384e-12
8.7271000000e+03 1.0209451914e+00 1.0185922384e-12
8.7279500000e+03 9.8755204678e-01 1.0185922384e-12
8.7288000000e+03 9.7905164957e-01 1.0185922384e-12
8.7296500000e+03 9.8581230640e-01 1.0185922384e-12
8.7305000000e+03 1.0024347305e+00 1.0185922384e-12
8.7313500000e+03 1.0274657011e+00 1.0185922384e-12
8.7322000000e+03 1.0412125587e+00 1.0185922384e-12
8.7330500000e+03 1.0345190763e+00 1.0185922384e-12
8.7339000000e+03 1.0084867477e+00 1.0185922384e-12
8.7347500000e+03 9.7304964066e-01 1.0185922384e-12
8.7356000000e+03 9.5453280210e-01 1.0185922384e-12
8.7364500000e+03 9.6131265163e-01 1.0185922384e-12
8.7373000000e+03 1.0018122196e+00 1.0185922384e-12
8.7381500000e+03 1.0273721218e+00 1.0185922384e-12
8.7390000000e+03 1.0287792683e+00 1.0185922384e-12
8.7398500000e+03 1.0142298937e+00 1.0185922384e-12
8.7407000000e+03 9.8772346973e-01 1.0185922384e-12
8.7415500000e+03 9.7945243120e-01 1.0185922384e-12
8.7424000000e+03 9.9331068993e-01 1.0185922384e-12
8.7432500000e+03 1.0233914852e+00 1.0185922384e-12
8.7441000000e+03 1.0374231339e+00 1.0185922384e-12
8.7449500000e+03 1.0355063677e+00 1.0185922384e-12
8.7458000000e+03 1.0285387039e+00 1.0185922384e-12
8.7466500000e+03 1.0115629435e+00 1.0185922384e-12
8.7475000000e+03 9.9836784601e-01 1.0185922384e-12
8.7483500000e+03 1.0196150541e+00 1.0185922384e-12
8.7492000000e+03 1.0277240276e+00 1.0185922384e-12
8.7500500000e+03 1.0185437202e+00 1.0185922384e-12
8.7509000000e+03 9.8571407795e-01 1.0185922384e-12
8.7517500000e+03 9.5915848017e-01 1.0185922384e-12
8.7526000000e+03 9.8686909676e-01 1.0185922384e-12
8.7534500000e+03 1.0349192619e+00 1.0185922384e-12
8.7543000000e+03 1.0630377531e+00 1.0185922384e-12
8.7551500000e+03 1.0612473488e+00 1.0185922384e-12
8.7560000000e+03 1.0176883936e+00 1.0185922384e-12
8.7568500000e+03 9.6191000938e-01 1.0185922384e-12
8.7577000000e+03 9.7573649883e-01 1.0185922384e-12
8.7585500000e+03 1.0295634270e+00 1.0185922384e-12
8.7594000000e+03 1.0567597151e+00 1.0185922384e-12
8.7602500000e+03 1.0645452738e+00 1.0185922384e-12
8.7611000000e+03 1.0547159910e+00 1.0185922384e-12
8.7619500000e+03 1.0418040752e+00 1.0185922384e-12
8.7628000000e+03 1.0139515400e+00 1.0185922384e-12
8.7636500000e+03 9.7810846567e-01 1.0185922384e-12
8.7645000000e+03 9.8814713955e-01 1.0185922384e-12
8.7653500000e+03 1.0142153502e+00 1.0185922384e-12
8.7662000000e+03 9.9853569269e-01 1.0185922384e-12
8.7670500000e+03 9.9009126425e-01 1.0185922384e-12
8.7679000000e+03 1.0286607742e+00 1.0185922384e-12
8.7687500000e+03 1.0526770353e+00 1.0185922384e-12
8.7696000000e+03 1.0434054136e+00 1.0185922384e-12
8.7704500000e+03 1.0351796150e+00 1.0185922384e-12
8.7713000000e+03 1.0309660435e+00 1.0185922384e-12
8.7721500000e+03 9.9261289835e-01 1.0185922384e-12
8.7730000000e+03 9.3285292387e-01 1.0185922384e-12
8.7738500000e+03 9.3329316378e-01 1.0185922384e-12
8.7747000000e+03 9.9935311079e-01 1.0185922384e-12
8.7755500000e+03 1.0366382599e+00 1.0185922384e-12
8.7764000000e+03 1.0493675470e+00 1.0185922384e-12
8.7772500000e+03 1.0488618612e+00 1.0185922384e-12
8.7781000000e+03 1.0184941292e+00 1.0185922384e-12
8.7789500000e+03 1.0045497417e+00 1.0185922384e-12
8.7798000000e+03 1.0158568621e+00 1.0185922384e-12
8.7806500000e+03 1.0324208736e+00 1.0185922384e-12
8.7815000000e+03 1.0544432402e+00 1.0185922384e-12
8.7823500000e+03 1.0595395565e+00 1.0185922384e-12
8.7832000000e+03 1.0476567745e+00 1.0185922384e-12
8.7840500000e+03 1.0227128267e+00 1.0185922384e-12
8.7849000000e+03 1.0195283890e+00 1.0185922384e-12
8.7857500000e+03 1.0437558889e+00 1.0185922384e-12
8.7866000000e+03 1.0569281578e+00 1.0185922384e-12
8.7874500000e+03 1.0560940504e+00 1.0185922384e-12
8.7883000000e+03 1.0521718264e+00 1.0185922384e-12
8.7891500000e+03 1.0311622620e+00 1.0185922384e-12
8.7900000000e+03 9.9101400375e-01 1.0185922384e-12
8.7908500000e+03 9.9613696337e-01 1.0185922384e-12
8.7917000000e+03 1.0221474171e+00 1.0185922384e-12
8.7925500000e+03 9.8093903065e-01 1.0185922384e-12
8.7934000000e+03 9.5498013496e-01 1.0185922384e-12
8.7942500000e+03 1.0121185780e+00 1.0185922384e-12
8.7951000000e+03 1.0317019224e+00 1.0185922384e-12
8.7959500000e+03 1.0014953613e+00 1.0185922384e-12
8.7968000000e+03 9.9688416719e-01 1.0185922384e-12
8.7976500000e+03 1.0225542784e+00 1.0185922384e-12
8.7985000000e+03 1.0329667330e+00 1.0185922384e-12
8.7993500000e+03 1.0482617617e+00 1.0185922384e-12
8.8002000000e+03 1.0467129946e+00 1.0185922384e-12
8.8010500000e+03 1.0303800106e+00 1.0185922384e-12
8.8019000000e+03 1.0331482887e+00 1.0185922384e-12
8.8027500000e+03 1.0253481865e+00 1.0185922384e-12
8.8036000000e+03 9.8583221436e-01 1.0185922384e-12
8.8044500000e+03 9.4373840094e-01 1.0185922384e-12
8.8053000000e+03 8.9927572012e-01 1.0185922384e-12
8.8061500000e+03 7.8506970406e-01 1.0185922384e-12
8.8070000000e+03 7.3435616493e-01 1.0185922384e-12
8.8078500000e+03 8.5779142380e-01 1.0185922384e-12
8.8087000000e+03 9.6298742294e-01 1.0185922384e-12
8.8095500000e+03 1.0042287111e+00 1.0185922384e-12
8.8104000000e+03 1.0367785692e+00 1.0185922384e-12
8.8112500000e+03 1.0497795343e+00 1.0185922384e-12
8.8121000000e+03 1.0403872728e+00 1.0185922384e-12
8.8129500000e+03 1.0313715935e+00 1.0185922384e-12
8.8138000000e+03 1.0401779413e+00 1.0185922384e-12
8.8146500000e+03 1.0496755838e+00 1.0185922384e-12
8.8155000000e+03 1.0418044329e+00 1.0185922384e-12
8.8163500000e+03 1.0266777277e+00 1.0185922384e-12
8.8172000000e+03 1.0320073366e+00 1.0185922384e-12
8.8180500000e+03 1.0313274860e+00 1.0185922384e-12
8.8189000000e+03 1.0103199482e+00 1.0185922384e-12
8.8197500000e+03 9.9757570028e-01 1.0185922384e-12
8.8206000000e+03 1.0036494732e+00 1.0185922384e-12
8.8214500000e+03 1.0149291754e+00 1.0185922384e-12
8.8223000000e+03 1.0105822086e+00 1.0185922384e-12
8.8231500000e+03 9.3883126974e-01 1.0185922384e-12
8.8240000000e+03 8.6919778585e-01 1.0185922384e-12
8.8248500000e+03 9.1903579235e-01 1.0185922384e-12
8.8257000000e+03 1.0019056797e+00 1.0185922384e-12
8.8265500000e+03 1.0220394135e+00 1.0185922384e-12
8.8274000000e+03 1.0128453970e+00 1.0185922384e-12
8.8282500000e+03 1.0103684664e+00 1.0185922384e-12
8.8291000000e+03 1.0204151869e+00 1.0185922384e-12
8.8299500000e+03 1.0291604996e+00 1.0185922384e-12
8.8308000000e+03 1.0328227282e+00 1.0185922384e-12
8.8316500000e+03 1.0311851501e+00 1.0185922384e-12
8.8325000000e+03 1.0129065514e+00 1.0185922384e-12
8.8333500000e+03 9.9117362499e-01 1.0185922384e-12
8.8342000000e+03 9.9380117655e-01 1.0185922384e-12
8.8350500000e+03 9.9954628944e-01 1.0185922384e-12
8.8359000000e+03 9.8715615273e-01 1.0185922384e-12
8.8367500000e+03 9.8740094900e-01 1.0185922384e-12
8.8376000000e+03 9.6614730358e-01 1.0185922384e-12
8.8384500000e+03 9.4624423981e-01 1.0185922384e-12
8.8393000000e+03 9.9292832613e-01 1.0185922384e-12
8.8401500000e+03 1.0211608410e+00 1.0185922384e-12
8.8410000000e+03 1.0191262960e+00 1.0185922384e-12
8.8418500000e+03 1.0174736977e+00 1.0185922384e-12
8.8427000000e+03 1.0202313662e+00 1.0185922384e-12
8.8435500000e+03 1.0320426226e+00 1.0185922384e-12
8.8444000000e+03 1.0400313139e+00 1.0185922384e-12
8.8452500000e+03 1.0334037542e+00 1.0185922384e-12
8.8461000000e+03 9.9985069036e-01 1.0185922384e-12
8.8469500000e+03 9.8979085684e-01 1.0185922384e-12
8.8478000000e+03 1.0231462717e+00 1.0185922384e-12
8.8486500000e+03 1.0385495424e+00 1.0185922384e-12
8.8495000000e+03 1.0458368063e+00 1.0185922384e-12
8.8503500000e+03 1.0520989895e+00 1.0185922384e-12
8.8512000000e+03 1.0432491302e+00 1.0185922384e-12
8.8520500000e+03 1.0287519693e+00 1.0185922384e-12
8.8529000000e+03 1.0237920284e+00 1.0185922384e-12
8.8537500000e+03 1.0161615610e+00 1.0185922384e-12
8.8546000000e+03 1.0261406898e+00 1.0185922384e-12
8.8554500000e+03 1.0497448444e+00 1.0185922384e-12
8.8563000000e+03 1.0533552170e+00 1.0185922384e-12
8.8571500000e+03 1.0354984999e+00 1.0185922384e-12
8.8580000000e+03 1.0165072680e+00 1.0185922384e-12
8.8588500000e+03 1.0073665380e+00 1.0185922384e-12
8.8597000000e+03 1.0142098665e+00 1.0185922384e-12
8.8605500000e+03 1.0172641277e+00 1.0185922384e-12
8.8614000000e+03 9.9896240234e-01 1.0185922384e-12
8.8622500000e+03 9.7800016403e-01 1.0185922384e-12
8.8631000000e+03 9.8360747099e-01 1.0185922384e-12
8.8639500000e+03 1.0124353170e+00 1.0185922384e-12
8.8648000000e+03 1.0441591740e+00 1.0185922384e-12
8.8656500000e+03 1.0354162455e+00 1.0185922384e-12
8.8665000000e+03 9.7395491600e-01 1.0185922384e-12
8.8673500000e+03 9.3487685919e-01 1.0185922384e-12
8.8682000000e+03 9.6744662523e-01 1.0185922384e-12
8.8690500000e+03 1.0035229921e+00 1.0185922384e-12
8.8699000000e+03 1.0378021002e+00 1.0185922384e-12
8.8707500000e+03 1.0507334471e+00 1.0185922384e-12
8.8716000000e+03 1.0549161434e+00 1.0185922384e-12
8.8724500000e+03 1.0529836416e+00 1.0185922384e-12
8.8733000000e+03 1.0430369377e+00 1.0185922384e-12
8.8741500000e+03 1.0325698853e+00 1.0185922384e-12
8.8750000000e+03 1.0236865282e+00 1.0185922384e-12
8.8758500000e+03 1.0027327538e+00 1.0185922384e-12
8.8767000000e+03 9.9781376123e-01 1.0185922384e-12
8.8775500000e+03 1.0002145767e+00 1.0185922384e-12
8.8784000000e+03 9.7763115168e-01 1.0185922384e-12
8.8792500000e+03 9.7377818823e-01 1.0185922384e-12
8.8801000000e+03 1.0025390387e+00 1.0185922384e-12
8.8809500000e+03 1.0232605934e+00 1.0185922384e-12
8.8818000000e+03 1.0229829550e+00 1.0185922384e-12
8.8826500000e+03 1.0193276405e+00 1.0185922384e-12
8.8835000000e+03 1.0185217857e+00 1.0185922384e-12
8.8843500000e+03 1.0212416649e+00 1.0185922384e-12
8.8852000000e+03 1.0418239832e+00 1.0185922384e-12
8.8860500000e+03 1.0585652590e+00 1.0185922384e-12
8.8869000000e+03 1.0597051382e+00 1.0185922384e-12
8.8877500000e+03 1.0525351763e+00 1.0185922384e-12
8.8886000000e+03 1.0421608686e+00 1.0185922384e-12
8.8894500000e+03 1.0418298244e+00 1.0185922384e-12
8.8903000000e+03 1.0350602865e+00 1.0185922384e-12
8.8911500000e+03 1.0165452957e+00 1.0185922384e-12
8.8920000000e+03 1.0024211407e+00 1.0185922384e-12
8.8928500000e+03 1.0029580593e+00 1.0185922384e-12
8.8937000000e+03 1.0276834965e+00 1.0185922384e-12
8.8945500000e+03 1.0341699123e+00 1.0185922384e-12
8.8954000000e+03 1.0293987989e+00 1.0185922384e-12
8.8962500000e+03 1.0355620384e+00 1.0185922384e-12
8.8971000000e+03 1.0366922617e+00 1.0185922384e-12
8.8979500000e+03 1.0265525579e+00 1.0185922384e-12
8.8988000000e+03 1.0171966553e+00 1.0185922384e-12
8.8996500000e+03 1.0202175379e+00 1.0185922384e-12
8.9005000000e+03 1.0400454998e+00 1.0185922384e-12
8.9013500000e+03 1.0435366631e+00 1.0185922384e-12
8.9022000000e+03 1.0293495655e+00 1.0185922384e-12
8.9030500000e+03 1.0170395374e+00 1.0185922384e-12
8.9039000000e+03 1.0162464380e+00 1.0185922384e-12
8.9047500000e+03 1.0196490288e+00 1.0185922384e-12
8.9056000000e+03 1.0207645893e+00 1.0185922384e-12
8.9064500000e+03 1.0352694988e+00 1.0185922384e-12
8.9073000000e+03 1.0500990152e+00 1.0185922384e-12
8.9081500000e+03 1.0385843515e+00 1.0185922384e-12
8.9090000000e+03 1.0243074894e+00 1.0185922384e-12
8.9098500000e+03 1.0247353315e+00 1.0185922384e-12
8.9107000000e+03 1.0224626064e+00 1.0185922384e-12
8.9115500000e+03 1.0049675703e+00 1.0185922384e-12
8.9124000000e+03 1.0026657581e+00 1.0185922384e-12
8.9132500000e+03 1.0285021067e+00 1.0185922384e-12
8.9141000000e+03 1.0410925150e+00 1.0185922384e-12
8.9149500000e+03 1.0324267149e+00 1.0185922384e-12
8.9158000000e+03 1.0101349354e+00 1.0185922384e-12
8.9166500000e+03 9.9757349491e-01 1.0185922384e-12
8.9175000000e+03 1.0002214909e+00 1.0185922384e-12
8.9183500000e+03 9.9146789312e-01 1.0185922384e-12
8.9192000000e+03 9.7456640005e-01 1.0185922384e-12
8.9200500000e+03 9.7845280170e-01 1.0185922384e-12
8.9209000000e+03 1.0082939863e+00 1.0185922384e-12
8.9217500000e+03 1.0243875980e+00 1.0185922384e-12
8.9226000000e+03 1.0072118044e+00 1.0185922384e-12
8.9234500000e+03 9.9746692181e-01 1.0185922384e-12
8.9243000000e+03 1.0077831745e+00 1.0185922384e-12
8.9251500000e+03 1.0036922693e+00 1.0185922384e-12
8.9260000000e+03 9.8842197657e-01 1.0185922384e-12
8.9268500000e+03 9.8489284515e-01 1.0185922384e-12
8.9277000000e+03 9.8978948593e-01 1.0185922384e-12
8.9285500000e+03 9.7351086140e-01 1.0185922384e-12
8.9294000000e+03 9.3651348352e-01 1.0185922384e-12
8.9302500000e+03 9.2188692093e-01 1.0185922384e-12
8.9311000000e+03 9.3602782488e-01 1.0185922384e-12
8.9319500000e+03 9.6860152483e-01 1.0185922384e-12
8.9328000000e+03 9.8909413815e-01 1.0185922384e-12
8.9336500000e+03 9.7498160601e-01 1.0185922384e-12
8.9345000000e+03 9.5532417297e-01 1.0185922384e-12
8.9353500000e+03 9.7980111837e-01 1.0185922384e-12
8.9362000000e+03 1.0221912861e+00 1.0185922384e-12
8.9370500000e+03 1.0351307392e+00 1.0185922384e-12
8.9379000000e+03 1.0320947170e+00 1.0185922384e-12
8.9387500000e+03 1.0294823647e+00 1.0185922384e-12
8.9396000000e+03 1.0084924698e+00 1.0185922384e-12
8.9404500000e+03 9.7436273098e-01 1.0185922384e-12
8.9413000000e+03 9.6711438894e-01 1.0185922384e-12
8.9421500000e+03 9.5658785105e-01 1.0185922384e-12
8.9430000000e+03 9.3328183889e-01 1.0185922384e-12
8.9438500000e+03 9.5354115963e-01 1.0185922384e-12
8.9447000000e+03 9.6438521147e-01 1.0185922384e-12
8.9455500000e+03 9.3620330095e-01 1.0185922384e-12
8.9464000000e+03 8.7977170944e-01 1.0185922384e-12
8.9472500000e+03 8.5714954138e-01 1.0185922384e-12
8.9481000000e+03 9.0017908812e-01 1.0185922384e-12
8.9489500000e+03 9.2360645533e-01 1.0185922384e-12
8.9498000000e+03 9.4429844618e-01 1.0185922384e-12
8.9506500000e+03 9.8369359970e-01 1.0185922384e-12
8.9515000000e+03 9.7073388100e-01 1.0185922384e-12
8.9523500000e+03 9.1705483198e-01 1.0185922384e-12
8.9532000000e+03 9.1918504238e-01 1.0185922384e-12
8.9540500000e+03 9.1167873144e-01 1.0185922384e-12
8.9549000000e+03 8.0663704872e-01 1.0185922384e-12
8.9557500000e+03 7.8487926722e-01 1.0185922384e-12
8.9566000000e+03 9.0692830086e-01 1.0185922384e-12
8.9574500000e+03 9.8421007395e-01 1.0185922384e-12
8.9583000000e+03 9.6274977922e-01 1.0185922384e-12
8.9591500000e+03 9.2727285624e-01 1.0185922384e-12
8.9600000000e+03 9.5329236984e-01 1.0185922384e-12
8.9608500000e+03 9.8281842470e-01 1.0185922384e-12
8.9617000000e+03 9.5674115419e-01 1.0185922384e-12
8.9625500000e+03 8.2196480036e-01 1.0185922384e-12
8.9634000000e+03 6.9476521015e-01 1.0185922384e-12
8.9642500000e+03 7.5677806139e-01 1.0185922384e-12
8.9651000000e+03 8.2783943415e-01 1.0185922384e-12
8.9659500000e+03 7.6256310940e-01 1.0185922384e-12
8.9668000000e+03 7.4940550327e-01 1.0185922384e-12
8.9676500000e+03 8.4407734871e-01 1.0185922384e-12
8.9685000000e+03 9.4304162264e-01 1.0185922384e-12
8.9693500000e+03 9.7466343641e-01 1.0185922384e-12
8.9702000000e+03 9.7350168228e-01 1.0185922384e-12
8.9710500000e+03 8.7628591061e-01 1.0185922384e-12
8.9719000000e+03 7.1687680483e-01 1.0185922384e-12
8.9727500000e+03 7.3097264767e-01 1.0185922384e-12
8.9736000000e+03 8.4658962488e-01 1.0185922384e-12
8.9744500000e+03 8.3031380177e-01 1.0185922384e-12
8.9753000000e+03 7.6410514116e-01 1.0185922384e-12
8.9761500000e+03 8.3224314451e-01 1.0185922384e-12
8.9770000000e+03 8.9865875244e-01 1.0185922384e-12
8.9778500000e+03 9.4899374247e-01 1.0185922384e-12
8.9787000000e+03 9.8373979330e-01 1.0185922384e-12
8.9795500000e+03 9.7707211971e-01 1.0185922384e-12
8.9804000000e+03 8.5387462378e-01 1.0185922384e-12
8.9812500000e+03 7.3176771402e-01 1.0185922384e-12
8.9821000000e+03 8.2788491249e-01 1.0185922384e-12
8.9829500000e+03 9.6786111593e-01 1.0185922384e-12
8.9838000000e+03 9.9771344662e-01 1.0185922384e-12
8.9846500000e+03 9.7354358435e-01 1.0185922384e-12
8.9855000000e+03 9.4586122036e-01 1.0185922384e-12
8.9863500000e+03 8.6692833900e-01 1.0185922384e-12
8.9872000000e+03 6.8451440334e-01 1.0185922384e-12
8.9880500000e+03 5.2425253391e-01 1.0185922384e-12
8.9889000000e+03 5.2981543541e-01 1.0185922384e-12
8.9897500000e+03 6.3029432297e-01 1.0185922384e-12
8.9906000000e+03 6.6342729330e-01 1.0185922384e-12
8.9914500000e+03 5.8396440744e-01 1.0185922384e-12
8.9923000000e+03 5.2382886410e-01 1.0185922384e-12
8.9931500000e+03 6.6043400764e-01 1.0185922384e-12
8.9940000000e+03 8.6858928204e-01 1.0185922384e-12
8.9948500000e+03 9.7659975290e-01 1.0185922384e-12
8.9957000000e+03 1.0235408545e+00 1.0185922384e-12
8.9965500000e+03 1.0329524279e+00 1.0185922384e-12
8.9974000000e+03 1.0223146677e+00 1.0185922384e-12
8.9982500000e+03 9.8257237673e-01 1.0185922384e-12
8.9991000000e+03 8.8710689545e-01 1.0185922384e-12
8.9999500000e+03 7.5301289558e-01 1.0185922384e-12
9.0008000000e+03 6.3460606337e-01 1.0185922384e-12
9.0016500000e+03 6.9365334511e-01 1.0185922384e-12
9.0025000000e+03 8.8891172409e-01 1.0185922384e-12
9.0033500000e+03 8.7700253725e-01 1.0185922384e-12
9.0042000000e+03 7.2454553843e-01 1.0185922384e-12
9.0050500000e+03 7.4825853109e-01 1.0185922384e-12
9.0059000000e+03 8.9754426479e-01 1.0185922384e-12
9.0067500000e+03 8.7770569324e-01 1.0185922384e-12
9.0076000000e+03 7.3750394583e-01 1.0185922384e-12
9.0084500000e+03 6.9151455164e-01 1.0185922384e-12
9.0093000000e+03 7.6984304190e-01 1.0185922384e-12
9.0101500000e+03 8.5943210125e-01 1.0185922384e-12
9.0110000000e+03 8.8341963291e-01 1.0185922384e-12
9.0118500000e+03 7.8814405203e-01 1.0185922384e-12
9.0127000000e+03 7.2299432755e-01 1.0185922384e-12
9.0135500000e+03 8.0122721195e-01 1.0185922384e-12
9.0144000000e+03 9.0553784370e-01 1.0185922384e-12
9.0152500000e+03 9.4019323587e-01 1.0185922384e-12
9.0161000000e+03 8.3001202345e-01 1.0185922384e-12
9.0169500000e+03 6.2911325693e-01 1.0185922384e-12
9.0178000000e+03 6.1543059349e-01 1.0185922384e-12
9.0186500000e+03 7.9179310799e-01 1.0185922384e-12
9.0195000000e+03 9.3232136965e-01 1.0185922384e-12
